0.
0.1985160876980294
0.3970321753960589
0.5798214099932874
0.6578540902484882
0.7064742504961863
0.7341114174969832
0.7470889773659544
0.7553592590489095
0.7611869329795631
0.7655630757789506
0.7691690531150345
0.7725511401271519
0.7758282191333237
0.7788923764333285
0.7819565337333334
0.7850206910333384
0.788040382899522
0.7910307781522767
0.7940211734050313
0.7970115686577859
0.8000019639105406
0.8029923591632953
0.8059657057455936
0.8089282784900534
0.8118908512345132
0.8148534239789732
0.8178159967234331
0.820778569467893
0.8237411422123528
0.8267037149568127
0.8296662877012725
0.8326288604457324
0.8355798662903313
0.8385115586018287
0.8414432509133261
0.8443749432248235
0.847306635536321
0.8502383278478184
0.8531700201593158
0.8561017124708132
0.8590334047823106
0.8619650970938081
0.8648967894053053
0.8678284817168028
0.8707601740283003
0.8736918663397978
0.876623558651295
0.8795552509627925
0.88248694327429
0.8854186355857873
0.8883503278972847
0.891259078143378
0.8941473068859805
0.8970355356285828
0.8999237643711853
0.9028119931137876
0.9057002218563901
0.9085884505989924
0.9114766793415949
0.9143649080841972
0.9172531368267995
0.9201413655694021
0.9230295943120044
0.9259178230546069
0.9288060517972092
0.9316942805398116
0.9345825092824139
0.9374707380250165
0.9403589667676188
0.9432471955102213
0.9461354242528236
0.9490236529954259
0.9519118817380284
0.9548001104806307
0.9576883392232333
0.9605765679658356
0.963464796708438
0.9663530254510404
0.9692412541936428
0.9721294829362451
0.9750177116788474
0.97790594042145
0.9807941691640523
0.9836823979066548
0.9865706266492571
0.9894588553918596
0.9923470841344619
0.9952353128770643
0.9981235416196668
1.000979980178868
1.0038108604962643
1.0066417408136605
1.0094726211310565
1.012303501448453
1.015134381765849
1.0179652620832453
1.0207961424006415
1.0236270227180377
1.026457903035434
1.0292887833528301
1.0321196636702263
1.0349505439876228
1.0377814243050187
1.0406123046224152
1.0434431849398114
1.0462740652572076
1.0491049455746038
1.051935825892
1.0547667062093962
1.0575975865267924
1.0604284668441886
1.063259347161585
1.066090227478981
1.0689211077963774
1.0717519881137734
1.0745828684311698
1.077413748748566
1.0802446290659622
1.0830755093833584
1.0859063897007546
1.0887372700181508
1.0915681503355472
1.0943990306529432
1.0972299109703394
1.1000607912877358
1.102891671605132
1.1057225519225282
1.1085534322399244
1.1113843125573206
1.1142151928747168
1.117046073192113
1.1198769535095094
1.1227078338269056
1.1255387141443016
1.128369594461698
1.1312004747790942
1.1340313550964904
1.1368622354138866
1.1396931157312828
1.1425239960486793
1.1453548763660755
1.1481857566834714
1.1510166370008679
1.1538475173182638
1.1566783976356603
1.1595092779530565
1.1623401582704527
1.1651710385878489
1.168001918905245
1.1708327992226415
1.1736636795400377
1.1764945598574337
1.17932544017483
1.1821563204922263
1.1849872008096225
1.1878180811270187
1.190648961444415
1.193479841761811
1.1963107220792073
1.1991416023966035
1.201972482714
1.204803363031396
1.2076342433487923
1.2104651236661885
1.2132960039835845
1.216126884300981
1.218957764618377
1.2217886449357733
1.2246195252531697
1.2274504055705657
1.2302812858879622
1.2331121662053581
1.2359430465227546
1.2387739268401508
1.2416009347745223
1.2443661692086438
1.2471314036427592
1.2498966380768808
1.2526618725110024
1.2554271069451177
1.2581923413792393
1.2609575758133607
1.2637228102474822
1.2664880446816038
1.2692532791157252
1.2720185135498407
1.274783747983962
1.2775489824180837
1.280314216852199
1.2830794512863206
1.2858446857204362
1.2886099201545576
1.2913751545886791
1.2941403890228005
1.296905623456922
1.2996708578910434
1.302436092325159
1.3052013267592806
1.307966561193402
1.3107317956275175
1.3134970300616389
1.3162622644957604
1.319027498929876
1.3217927333639974
1.324557967798113
1.3273232022322343
1.330088436666356
1.3328536711004713
1.3356189055345928
1.3383841399687144
1.3411493744028358
1.3439146088369573
1.3466798432710787
1.3494450777051943
1.3522103121393156
1.3549755465734372
1.3577407810075528
1.3605060154416742
1.3632712498757957
1.366036484309911
1.3688017187440327
1.3715669531781483
1.3743321876122756
1.3770974220463972
1.3798626564805065
1.3826278909146341
1.3853931253487555
1.388158359782871
1.3909235942169926
1.393688828651114
1.3964540630852296
1.399219297519351
1.4019845319534725
1.4047497663875879
1.4075150008217094
1.410280235255825
1.4130454696899464
1.415810704124068
1.4185759385581893
1.4213411729923109
1.4241064074264325
1.4268716418605478
1.4296368762946694
1.4324021107287908
1.4351673451629063
1.4379325795970277
1.4406978140311493
1.4434630484652649
1.4462282828993862
1.4489935173335018
1.4517587517676231
1.4545239862017507
1.45728922063586
1.4600544550699817
1.4628196895041092
1.4655849239382246
1.4683501583723462
1.4711153928064675
1.473880627240583
1.4766458616747047
1.479411096108826
1.4821763305429416
1.484941564977063
1.4877067994111786
1.4904720338453
1.4932372682794215
1.496002502713543
1.4987677371476644
1.501532971581786
1.5042982060159014
1.507063440450023
1.5098286748841443
1.5125939093182599
1.5153591437523815
1.5181243781865028
1.5208896126206184
1.5236548470547397
1.5264200814888613
1.5291853159229767
1.5319505503570983
1.5347157847912138
1.5374810192253352
1.5402462536594568
1.5430114880935781
1.5457767225276997
1.5485419569618213
1.5513071913959366
1.5540724258300582
1.5568376602641796
1.5596028946982952
1.5623681291324165
1.565133363566538
1.5678985980006537
1.570663832434775
1.5734290668688966
1.576194301303018
1.5789595357371395
1.581724770171255
1.5844900046053765
1.587255239039498
1.5900204734736134
1.592785707907735
1.5955509423418563
1.598316176775972
1.6010814112100935
1.6038466456442149
1.6066118800783304
1.6093771145124518
1.6121423489465674
1.6149075833806887
1.6176728178148103
1.620438052248932
1.6232032866830532
1.6259685211171748
1.6287337555512902
1.6314989899854118
1.6342642244195331
1.6370294588536487
1.6397946932877703
1.6425599277218916
1.6453251621560072
1.6480903965901286
1.6508556310242501
1.6536208654583717
1.656386099892493
1.6591513343266087
1.66191656876073
1.6646818031948516
1.667447037628967
1.6702122720630885
1.67297750649721
1.6757427409313255
1.678507975365447
1.6812732097995684
1.684038444233684
1.6868036786678053
1.689568913101927
1.6923341475360425
1.6950993819701639
1.6978646164042854
1.7006298508384068
1.7033950852725284
1.706160319706644
1.7089255541407653
1.7116907885748869
1.7144560230090022
1.7172212574431238
1.7199864918772452
1.7227517263113608
1.7255169607454823
1.7282821951796037
1.7310474296137253
1.7338126640478466
1.7365778984819622
1.7393431329160836
1.7421083673502051
1.7448736017843207
1.747638836218442
1.7504040706525636
1.753169305086679
1.7559345395208006
1.7586997739549222
1.7614650083890375
1.764230242823159
1.7669954772572805
1.769760711691396
1.7725259461255174
1.775291180559639
1.7780564149937605
1.780821649427882
1.7835868838619975
1.7863521182961188
1.7891173527302404
1.7918825871643558
1.7946478215984774
1.797413056032599
1.8001782904667143
1.8029435249008359
1.8057087593349572
1.8084739937690788
1.8112392282032004
1.8140044626373157
1.8167696970714373
1.8195349315055587
1.8223001659396743
1.8250654003737956
1.8278306348079172
1.8305958692420328
1.8333611036761541
1.8361263381102757
1.838891572544391
1.8416568069785126
1.844422041412634
1.8471872758467496
1.8499525102808712
1.8527177447149925
1.855482979149114
1.8582482135832354
1.861013448017351
1.8637786824514724