0.
0.1986845864041175
0.3973691728082352
0.5960537592123529
0.72115622904232
0.8059161411571559
0.8732916784865479
0.9257220745993017
0.9649804362811606
0.9960203555211384
1.0232148393315637
1.0457007104147475
1.06662212742505
1.0838992220239545
1.1011763166228588
1.1159441279699276
1.1294758946494678
1.143007661329008
1.1565394280085484
1.1679893470529468
1.1786819746303276
1.1893746022077083
1.2000672297850892
1.21075985736247
1.2214524849398505
1.2310960474141297
1.2396884285376049
1.2482808096610796
1.2568731907845545
1.2654655719080292
1.2740579530315044
1.282650334154979
1.291242715278454
1.299835096401929
1.308427477525404
1.3170198586488786
1.324214935897146
1.3313520478885879
1.3384891598800297
1.3456262718714715
1.3527633838629134
1.3599004958543552
1.367037607845797
1.374174719837239
1.3813118318286806
1.3884489438201226
1.3955860558115645
1.402723167803006
1.4098602797944482
1.4169973917858898
1.4241345037773316
1.4312716157687737
1.4384087277602153
1.4455458397516574
1.4526829517430992
1.4591230569719174
1.4652679699925377
1.4714128830131583
1.477557796033779
1.4837027090543995
1.48984762207502
1.4959925350956405
1.502137448116261
1.5082823611368816
1.5144272741575022
1.5205721871781228
1.5267171001987434
1.532862013219364
1.5390069262399846
1.5451518392606052
1.5512967522812255
1.5574416653018461
1.5635865783224667
1.5697314913430873
1.5758764043637077
1.5820213173843283
1.588166230404949
1.5943111434255697
1.6004560564461903
1.6066009694668106
1.6127458824874312
1.6188907955080516
1.6250357085286724
1.6311806215492928
1.6373255345699134
1.643470447590534
1.6496153606111543
1.6557602736317751
1.6619051866523957
1.6680500996730163
1.6741950126936367
1.6803399257142573
1.6864848387348779
1.6925695232974647
1.6980528464291653
1.7035361695608662
1.7090194926925673
1.7145028158242683
1.7199861389559692
1.7254694620876698
1.7309527852193707
1.7364361083510722
1.7419194314827728
1.7474027546144737
1.7528860777461746
1.7583694008778756
1.7638527240095767
1.7693360471412776
1.7748193702729782
1.780302693404679
1.7857860165363801
1.7912693396680812
1.796752662799782
1.8022359859314827
1.807719309063184
1.8132026321948846
1.8186859553265857
1.8241692784582866
1.8296526015899872
1.8351359247216885
1.8406192478533892
1.8461025709850905
1.851585894116791
1.857069217248492
1.862552540380193
1.8680358635118937
1.873519186643595
1.8790025097752956
1.8844858329069967
1.8899691560386975
1.8954524791703986
1.9009358023020995
1.9064191254338
1.9119024485655014
1.917385771697202
1.9228690948289031
1.928352417960604
1.933835741092305
1.939319064224006
1.9448023873557065
1.9502857104874078
1.9557690336191085
1.9612523567508096
1.9667356798825104
1.9722190030142115
1.9777023261459123
1.9831856492776134
1.9886689724093143
1.994152295541015
1.999635618672716
2.0051189418044166
2.010602264936118
2.016085588067819
2.0215689111995196
2.0270522343312205
2.0325355574629214
2.0380188805946227
2.043502203726323
2.0489855268580244
2.0544688499897252
2.059952173121426
2.065435496253127
2.070918819384828
2.076402142516529
2.0818854656482295
2.0873687887799304
2.0928521119116317
2.0983354350433325
2.1038187581750334
2.1093020813067347
2.114785404438435
2.120268727570136
2.125752050701837
2.131235373833538
2.136718696965239
2.14220202009694
2.1476853432286407
2.1531686663603415
2.1586519894920424
2.1641353126237437
2.1694178429335387
2.174434065304579
2.1794502876756314
2.18446651004666
2.1894827324177126
2.1944989547887532
2.1995151771598054
2.204531399530858
2.2095476219018866
2.214563844272927
2.2195800666439798
2.224596289015032
2.2296125113860725
2.234628733757125
2.2396449561281537
2.2446611784992063
2.2496774008702465
2.254693623241299
2.2597098456123517
2.2647260679833923
2.269742290354421
2.274758512725473
2.2797747350965136
2.284790957467566
2.289807179838619
2.2948234022096474
2.2998396245806876
2.30485584695174
2.3098720693227928
2.3148882916938334
2.3199045140648855
2.324920736435914
2.3299369588069667
2.3349531811780073
2.33996940354906
2.344985625920112
2.3500018482911407
2.3550180706621813
2.360034293033234
2.3650505154042865
2.3700667377753266
2.375082960146379
2.380099182517408
2.3851154048884604
2.390131627259501
2.395147849630553
2.4001640720015938
2.4051802943726464
2.410196516743675
2.4152127391147276
2.4202289614857677
2.4252451838568203
2.430261406227873
2.4352776285989015
2.440293850969942
2.4453100733409943
2.450326295712047
2.4553425180830875
2.46035874045414
2.4653749628251687
2.470391185196221
2.4754074075672614
2.480423629938314
2.4854398523093666
2.490456074680407
2.4954722970514354
2.500488519422488
2.5055047417935286
2.510520964164581
2.5155371865356337
2.520553408906662
2.5255696312777025
2.530585853648755
2.5356020760198077
2.5406182983908483
2.5456345207619004
2.550650743132929
2.5556669655039816
2.5606831878750222
2.565699410246075
2.570715632617127
2.5757318549881556
2.580748077359196
2.585764299730249
2.5907805221013014
2.5957967444723415
2.600812966843394
2.6058291892144227
2.6108454115854753
2.615861633956516
2.620877856327568
2.6258940786986087
2.6309103010696613
2.63592652344069
2.6409427458117425
2.6459589681827826
2.6509751905538352
2.655991412924888
2.6610076352959164
2.666023857666957
2.671040080038009
2.676056302409062
2.6810725247801024
2.686088747151155
2.6911049695221836
2.6961211918932357
2.7011374142642763
2.706153636635329
2.7111698590063815
2.71618608137741
2.7212023037484503
2.726218526119503
2.7312347484905435
2.736250970861596
2.7412671932326487
2.746283415603677
2.7512996379747174
2.75631586034577
2.7613320827168226
2.7663483050878632
2.7713645274589154
2.776380749829944
2.7813969722009966
2.786413194572037
2.7914294169430898
2.796445639314142
2.8014618616851705
2.806478084056211
2.8114943064272637
2.8165105287983163
2.8215267511693565
2.826542973540409
2.8315591959114377
2.8365754182824903
2.841591640653531
2.846607863024583
2.8516240853956236
2.856640307766676
2.861656530137705
2.8666727525087574
2.8716889748797976
2.87670519725085
2.8817214196219028
2.8867376419929314
2.891753864363972
2.896770086735024
2.9017863091060767
2.9068025314771173
2.91181875384817
2.9168349762191985
2.9218511985902507
2.9268674209612913
2.931883643332344
2.9368998657033965
2.941916088074425
2.946932310445465
2.951948532816518
2.9569647551875584
2.961980977558611
2.9669971999296636
2.9720134223006918
2.9770296446717324
2.982045867042785
2.9870620894138376
2.992078311784878
2.9970945341559303
3.002110756526959
3.0071269788980115
3.012143201269052
3.0171594236401043
3.022175646011157
3.0271918683821855
3.032208090753226
3.0372243131242787
3.042240535495331
3.0472567578663714
3.052272980237424
3.0572892026084526
3.062305424979505
3.0673216473505454
3.072337869721598
3.0773540920926385
3.082370314463679
3.0873865368347198
3.092402759205772
3.0974189815768125
3.102435203947865
3.1074514263189177
3.1124676486899463
3.1174838710609865
3.122500093432039
3.1275163158030916
3.1325325381741322
3.137548760545185
3.142564982916213
3.1475812052872656
3.152597427658306
3.157613650029359
3.1626298724004114
3.1676460947714395
3.17266231714248
3.1776785395135327
3.1826947618845733
3.187710984255626
3.192727206626678
3.1977434289977067
3.2027596513687473
3.2077758737398
3.2127920961108525
3.2178083184818926
3.2228245408529332
3.227840763223974
3.2328569855950264
3.237873207966067
3.242889430337119
3.2479056527081718
3.2529218750792004
3.257938097450241
3.2629543198212936
3.2679705421923457
3.2729867645633863