0.
0.19862096165627535
0.3972419233125507
0.5958628849688262
0.6987025492771324
0.7696252524991942
0.8207652466236315
0.854510374802762
0.8755376565164902
0.8908109916810749
0.9021758576697975
0.9122626625653475
0.9189398426207376
0.9256170226761276
0.931287043075099
0.9361710003148943
0.9410549575546896
0.9459389147944849
0.950177490202596
0.9542541332917909
0.9583307763809856
0.9624074194701802
0.9664840625593749
0.9705607056485697
0.9744088318504741
0.9781910516396589
0.9819732714288438
0.9857554912180287
0.9895377110072134
0.9933199307963984
0.9971021505855833
1.000884370374768
1.0046665901639529
1.008448809953138
1.012169716115434
1.0158281171772525
1.0194865182390709
1.0231449193008895
1.026803320362708
1.0304617214245266
1.034120122486345
1.0377785235481636
1.0414369246099822
1.0450953256718005
1.0487537267336193
1.0524121277954377
1.0560705288572563
1.0597289299190749
1.0633873309808934
1.0670457320427118
1.0707041331045306
1.074362534166349
1.0780209352281676
1.0816288784123165
1.0852000888493605
1.0887712992864038
1.0923425097234478
1.0959137201604916
1.0994849305975352
1.103056141034579
1.1066273514716227
1.1101985619086663
1.11376977234571
1.1173409827827538
1.1209121932197976
1.1244834036568412
1.128054614093885
1.1316258245309287
1.1351970349679725
1.1387682454050163
1.14233945584206
1.1459106662791037
1.1494818767161474
1.1530530871531912
1.1566242975902348
1.1601955080272786
1.1637667184643223
1.167337928901366
1.17090913933841
1.1744803497754537
1.1780515602124972
1.1816227706495408
1.1851939810865848
1.1887651915236284
1.1923364019606721
1.195907612397716
1.1994788228347597
1.2030500332718033
1.206621243708847
1.2101924541458908
1.2137636645829344
1.2172924107838714
1.2207738755780715
1.2242553403722711
1.227736805166471
1.2312182699606709
1.2346997347548707
1.2381811995490706
1.2416626643432704
1.2451441291374703
1.2486255939316702
1.25210705872587
1.2555885235200699
1.2590699883142698
1.2625514531084694
1.2660329179026695
1.2695143826968693
1.2729958474910692
1.2764773122852688
1.279958777079469
1.2834402418736686
1.2869217066678686
1.2904031714620683
1.2938846362562684
1.297366101050468
1.3008475658446679
1.3043290306388677
1.3078104954330676
1.3112919602272675
1.3147734250214673
1.3182548898156672
1.321736354609867
1.325217819404067
1.3286992841982668
1.3321807489924666
1.3356622137866665
1.3391436785808664
1.3426251433750662
1.3461066081692659
1.3495880729634657
1.3530695377576656
1.3565510025518654
1.3600324673460653
1.3635139321402652
1.366995396934465
1.370476861728665
1.373958326522865
1.3774397913170646
1.3809212561112645
1.3844027209054643
1.3878841856996642
1.391365650493864
1.394847115288064
1.3983285800822638
1.4018100448764637
1.4052915096706633
1.4087729744648634
1.4122544392590632
1.415735904053263
1.4192173688474627
1.4226988336416628
1.4261802984358627
1.4296617632300626
1.4331432280242622
1.4366246928184623
1.440106157612662
1.443587622406862
1.4470690872010616
1.4505505519952615
1.4540320167894614
1.4575134815836612
1.460994946377861
1.464476411172061
1.4679578759662608
1.4714393407604607
1.4749208055546605
1.4784022703488604
1.48188373514306
1.48536519993726
1.48884666473146
1.4923281295256596
1.4958095943198597
1.4992910591140594
1.5027725239082594
1.5062539887024593
1.509735453496659
1.5132169182908588
1.516631347701028
1.5200163282195425
1.523401308738057
1.526786289256583
1.5301712697751095
1.5335562502936357
1.5369412308121622
1.5403262113306646
1.5437111918491908
1.5470961723677172
1.5504811528862434
1.5538661334047699
1.557251113923296
1.5606360944418105
1.564021074960325
1.5674060554788511
1.5707910359973776
1.5741760165159038
1.5775609970344182
1.5809459775529444
1.5843309580714708
1.5877159385899853
1.5911009191085115
1.594485899627038
1.5978708801455521
1.6012558606640785
1.604640841182605
1.6080258217011312
1.6114108022196456
1.6147957827381718
1.6181807632566862
1.6215657437752125
1.6249507242937389
1.6283357048122653
1.6317206853307915
1.635105665849294
1.6384906463678202
1.6418756268863466
1.645260607404873
1.6486455879233992
1.6520305684419256
1.6554155489604279
1.6588005294789543
1.6621855099974805
1.665570490516007
1.6689554710345333
1.6723404515530476
1.675725432071562
1.6791104125900882
1.6824953931086146
1.685880373627141
1.6892653541456673
1.6926503346641817
1.696035315182708
1.6994202957012223
1.7028052762197485
1.706190256738275
1.7095752372568014
1.7129602177753156
1.716345198293842
1.7197301788123682
1.7231151593308827
1.7265001398494089
1.7298851203679233
1.7332701008864497
1.736655081404976
1.7400400619235024
1.7434250424420286
1.746810022960543
1.7501950034790574
1.7535799839975836
1.75696496451611
1.7603499450346363
1.7637349255531627
1.767119906071689
1.7705048865901913
1.7738898671087178
1.777274847627244
1.7806598281457704
1.7840448086642966
1.787429789182811
1.7908147697013255
1.7941997502198517
1.797584730738378
1.8009697112569043
1.8043546917754307
1.807739672293945
1.8111246528124714
1.8145096333309858
1.817894613849512
1.8212795943680384
1.8246645748865526
1.828049555405079
1.8314345359236055
1.8348195164421197
1.8382044969606461
1.8415894774791723
1.8449744579976868
1.848359438516213
1.8517444190347394
1.8551293995532658
1.85851438007178
1.8618993605903065
1.8652843411088207
1.8686693216273471
1.8720543021458733
1.8754392826643997
1.8788242631829262
1.8822092437014284
1.8855942242199548
1.888979204738481
1.8923641852570074
1.8957491657755339
1.89913414629406
1.9025191268125625
1.9059041073310887
1.9092890878496152
1.9126740683681414
1.9160590488866678
1.9194440294051942
1.9228290099237084
1.9262139904422229
1.929598970960749
1.9329839514792755
1.936368931997802
1.9397539125163161
1.9431388930348426
1.9465238735533688
1.9499088540718832
1.9532938345904094
1.9566788151089358
1.9600637956274503
1.9634487761459765
1.9668337566645029
1.970218737183029
1.9736037177015435
1.9769886982200577
1.9803736787385842
1.9837586592571106
1.9871436397756368
1.9905286202941632
1.9939136008126774
1.9972985813311919
2.0006835618497183
2.0040685423682447
2.0074535228867707
2.010838503405297
2.0142234839238236
2.017608464442326
2.0209934449608524
2.0243784254793784
2.027763405997905
2.0311483865164313
2.0345333670349457
2.0379183475534597
2.041303328071986
2.0446883085905125
2.048073289109039
2.0514582696275654
2.0548432501460794
2.058228230664606
2.0616132111831202
2.0649981917016467
2.068383172220173
2.071768152738687
2.0751531332572135
2.07853811377574
2.0819230942942664
2.085308074812781
2.088693055331307
2.092078035849821
2.0954630163683476
2.098847996886874
2.1022329774054
2.1056179579239265
2.109002938442441
2.1123879189609553
2.1157728994794818
2.1191578799980078
2.122542860516534
2.1259278410350606
2.129312821553563
2.1326978020720895
2.1360827825906155
2.139467763109142
2.1428527436276683
2.1462377241461947
2.149622704664709
2.153007685183223
2.1563926657017496
2.159777646220276
2.1631626267388024
2.166547607257317
2.169932587775843
2.1733175682943693
2.1767025488128837
2.18008752933141
2.183472509849936
2.1868574903684506
2.190242470886977
2.1936274514055034
2.197012431924018
2.200397412442544
2.2037823929610703
2.2071673734795847
2.210552353998111
2.2139373345166375
2.2173223150351635
2.220707295553678
2.2240922760721924
2.227477256590719
2.2308622371092452
2.2342472176277712
2.2376321981462977
2.241017178664824
2.2444021591833265
2.2477871397018525
2.251172120220379
2.2545571007389054
2.257942081257432
2.261327061775958
2.26471204229446
2.2680970228129866
2.271482003331513