0.0010555338868731834
0.000984697555615588
0.0009518977374467497
0.0009190709196946756
0.0009098762520023396
0.0008422512448560404
0.0008280368071320598
0.0007789623205631813
0.0007288889709569091
0.0007140174654542975
0.0007426771948788602
0.0007006019046862377
0.0006530558857369417
0.000617713886742699
0.0005925208332635545
0.0006077562338502318
0.0005682679236640453
0.000552271529806525
-0.007174462967483031
-0.0026163114601716053
-0.0025088307036287283
-0.002499695629800458
-0.00257839268605653
-0.002485887382493779
-0.0024068143789519603
-0.0022386386618113985
-0.002296639334417927
-0.0021972848753635255
-0.002094953890067641
-0.001976386770617955
-0.0019863178647361313
-0.0017018994485902272
-0.0015418632300669977
-0.0014130924624715657
-0.0016242525470664404
-0.0015719606223927318
-0.0016990341181826185
-0.0015069894949870655
-0.0014461526658433588
-0.0015261522686489393
0.006687005150062264
0.002061568705233441
0.0021518296028122386
0.0019318405405563954
0.001833954559067985
0.0017876930350240183
0.0016797021654166855
0.001685309930343326
0.0016702174850553586
0.0015711910973779109
0.0015279357233408675
0.0014228054478544472
0.0014497491594562817
0.0013415004656485152
0.0012696984126174815
0.0012643787494672765
0.00116564806794206
-0.006897896799668235
-0.002237423021358431
-0.002118869464896811
-0.0020101546522712788
-0.002002629280982937
-0.0020283193590100446
-0.0018085769171232169
-0.0018254255803547004
0.006333900842132811
0.001695482613677024
0.001640680959670071
0.001549159418210655
0.0014888594731778948
-0.006633014720500707
-0.0018869420549656457
-0.0018931161226376503
0.0062458687391788725
0.0016230554537806086
0.0015741034816123545
0.0014893646359115387
0.0014226609092058418
0.0013850974183569065
0.0013177030412994117
0.0013036459312540938
-0.006867155237323175
-0.002118344923423887
-0.002116517607250401
-0.0019533343158621985
-0.0019046554081718625
-0.0019073688550315104
-0.0018372053879114336
-0.0017800203007134474
0.006486433283245274
0.0017049016417785001
0.0016562158418065298
0.0016541909789538067
0.0015516280743246291
0.0014766828438808055
-0.006535477187405103
-0.0019720586096969583
-0.00188221192234872
-0.0018489563639814133
-0.0017951258287010052
-0.0016286093510013977
0.006392695974342777
0.0017852483682112563
0.0016543827309576375
0.0016352174272464826
0.0016289554120341165
0.0016191834370173908
0.0014601190041660939
0.0014708712941113866
0.001393508092097262
0.0013591036542477397
0.0012917492486486104
0.0012263200944797603
0.001159552988667878
-0.00694882997882007
-0.0021637843355537534
-0.0021713393369078293
-0.002152733417386532
-0.002041900519616613
-0.0019508162335535317
-0.0017010660603959948
-0.0018159861237683206
-0.0018223830188879298
-0.0017444729873195008
0.006472084105160647
0.0018336595973080794
0.0017122285705986062
0.001748737756235741
-0.006425444956591475
-0.001656852416942023
-0.0017754060294399299
-0.00171028501742998
-0.0016661319374833283
-0.0016153732717230085
-0.0015510029040102236
-0.0014052189035036466
-0.0015853742268057136
-0.0014496604048837014
-0.001327710080330613
-0.0012064430213143407
-0.0013537412437585328
-0.001249307571862479
-0.0011808954512271264
0.007159392726793001
0.00237258724974998
-0.005475391263441098
-0.0012874889764311614
0.006684855883943408
0.0022438610968544825
0.002127214061902638
0.002109695428974545
0.0019956236328733112
0.0018586640356004214
0.001922976210577687
0.0018601349691358404
0.0017317494043735948
0.001689331406086847
0.001667671453589037
0.0015559848170108026
0.0014487875173954112
0.0014828052594177965
0.0013758655847115886
0.0013576454598749343
-0.006778916784055067
-0.002070753836671102
-0.002067835058420897
-0.0019730662483008476
-0.0018621491405053092
-0.0019240299522191862
-0.0017463110624058586
-0.0015831507838837133
-0.0016921506314455659
-0.0016141432787375454
-0.0015756754299784959
-0.0015146970384942726
-0.0014853089683994902
0.006894549203388278
0.0021094730822761587
0.00200911778977253
0.0018837418415069695
0.0018187882723641469
0.0017372849202583751
0.001770611835002489
0.001653880519374873
0.0016007259668033846
0.0015073196768300434
0.0014698887558814988
0.0014608872758374858
0.0013895466346967034
0.0013426792814161814
0.001251114555590238
-0.0068805806766860655
-0.0022058078092914712
-0.0021888656293214126
-0.0019777640082938586
-0.0021225752027693723
-0.0017814020185420443
-0.001697126920194858
-0.001701299551829294
-0.0017342534082227523
-0.001719394863353374
0.006579498151455088
0.0018358423903725996
0.0018557213996355237
0.0016756127068271454
0.0016902519938200022
-0.006342916148879052
-0.001703290494845966
-0.0017982268733571782
-0.001686801149709316
-0.0016270587636710854
-0.0015949794231620018
0.006426272704293634
0.0018909440427601343
0.0018585520751173146
0.0017499831979357339
0.0017003341868713218
0.0016366194468531159
0.0015775346051492
0.0014799464285266684
0.0013879568813957022
0.0014451685749743426
0.0014095959526811974
0.0013076229585267107
0.0012587246095261406
0.001264669854528444
0.0011170535053688369
0.0011286922654178966
0.0010821921667645285
0.0010352283458652245
0.000988333785065576
-0.007016455568840785
-0.0024096248518086227
-0.0023562525108560273
-0.0022295109759109533
-0.0022019332249312296
0.00625418562795077
0.0013336775940984147
0.0013105384959357647
0.0012646879697058022
0.0011619713279582555
0.0010912830785703154
0.0010885772278752537
0.0010900373868847346
0.0010082131696687036
0.0009566840777694985
0.001001606629470686
0.0008999071233164457
0.0008614280642620376
0.0008628649208852757
0.000810776206473296
-0.0070255977811843895
-0.0025467117278059614
-0.0025420847605170938
-0.0024907474202584545
-0.0023775336969398264
0.00618689628867819
0.0011692341412437024
-0.006930127196162594
-0.0021077571455907496
-0.002157225544932251
-0.002131702441521943
-0.0019019691088963953
-0.0019252406539580491
-0.002023165138361316
-0.0018046557040398703
-0.0017650337705847896
-0.0016639573876184865
-0.001806112267681348
-0.0014771102152462134
-0.001544902693590089
-0.0011849689918774775
-0.0016254741785912685
-0.001199859929318814
0.0067680366934652625
0.0020758987390452344
0.002111817415156203
0.0019329250489559247
0.0018879068259929355
0.001851636831378789
0.0019121726121229532
0.0017461273616841133
-0.006304229278731199
-0.001784442174083578
-0.0017134820285875652
-0.0017073372812324017
-0.0015947066136094978
-0.0015185303546778606
-0.0015321829879255677
0.00648172024674154
0.0020370672905443143
-0.005919749274645003
-0.0015818688593498553
-0.0015431135647798744
0.006396706798723395
0.0021058025457005858
-0.006039579958574182
-0.0016150738828828448
-0.0016303814776201797
-0.0011610559585246705
-0.0014397069643456994
-0.0012042882388825227
0.006574965432581958
0.002153897883223621
0.0020344213913250364
0.0019476472996051708
0.002053316753170664
0.001891349052231428
0.0017742486921104028
0.0017658967329214903
0.0016411584751025998
0.0015818812919716763
0.0015014607062724394
0.0015653959470598444
-0.006549133007754948
-0.0019808965646301857
0.006117109786660357
0.0015400255772004545
0.0014567076257034905
0.0014198526890969454
0.0013722168499046283
0.0013130486883721204
-0.006866408093303189
-0.0021092859186486734
-0.0020248006261538443
-0.002054564693282357
-0.0019202614902464887
0.00617997816163518
0.001714556060270711
0.0015537594974264213
0.0014932420155517878
0.0014414791791397263
0.001317188434519334
0.0013299589929105515
0.0012981015309065924
-0.006885941296748355
-0.002258799571172032
-0.0021311963939638634
-0.0020383924097995276
-0.002025102206789864
-0.0019937245945222948
0.006440585391528586
0.0015235165931823946
0.001762751963821474
-0.006510311282230896
-0.0018618450520064833
-0.001872696217801284
-0.0018437939502997658
-0.0017522875290951756
-0.0016324370018399037
-0.001661151899276847
-0.0017996683456356077
-0.0014608599708283432
-0.0016346132213866937
-0.0012658060544861183
-0.0013884897609632851
-0.0013485886119652957
-0.0012215422625381223
-0.000923833477910696
-0.0010891216280413119
0.006743272956286628
-0.005437673584218983
-0.0011969527216026954
-0.0010806341609193026
-0.0009181638212267806
-0.0010010334268666377
-0.0010898625317166122
-0.0009453089391853187
-0.0010172784727564554
0.0068886870366133834
0.0024976535597576177
0.0023929443397274763
0.002416298833448849
-0.0055378803104773056
-0.0012081328078141773
-0.0012536620164806944
-0.0011538532505559473
-0.001246969555161792
-0.001103073382939801
-0.0011230569148132918
-0.0009113826026243554
-0.0007221412456028808
-0.0010444721069498009
-0.0009185636684319043
-0.0009366363293139557
-0.001049156990196476
-0.0007235751976852889
-0.0007485963293907272
-0.0005989655597247179
-0.0007676721102192197
-0.0007819742151102815
-0.0006266648173665068
0.007371869574190004
0.0028672679434438297
0.0025187593498419147
0.0025798499801406027
-0.005175171011189805
0.006836070910602565
0.002446761216762239
0.00238565355336795
0.0023078420743576356
-0.00571630323140826
-0.0013684672053833058
-0.0013122864593020367
-0.0012895281770968214
-0.0009633934202486483
-0.0010837377842578544
0.006823656447787485
0.002330076529132974
0.0022829418932439616
0.0021793866738717416
0.00209250990696086
0.002216312359939021
-0.005910990919119508
-0.0014730891431868898
-0.0014269216120132988
-0.0013901671548610661
-0.0013671995906749945
-0.0012975745463590371
-0.001261242989075706
-0.0012935486651761696
-0.0011572153401062657
0.0069009575112619626
0.00236766066083427
0.00221721725838675
0.0021122767867014502
0.002084169201804542
0.0020343417677739506
0.0019532307786200853
-0.0061386917734294055
-0.0015373587654936571
0.006451484181719147
0.0019020079644240795
0.0018061542137250974
0.0017329352637640572
0.0018279411996018347
0.0017005146024475781
0.001575288226492777
0.001514482834815034
0.0014642316829571733
0.0013859549992030207
0.0014651428472645112
0.0013149519498352191
0.0012534694423393944
-0.006957365073540833
-0.0020797610975917813
-0.0021329007596182503
-0.0019801335986202595
-0.0019726358956282386
-0.001993060236476607
0.006325169389159946
0.0016410764125229793
0.0014937207566212418
0.0015995019198336013
-0.006674190485571385
-0.001952956012938989
-0.0019477824129081611
-0.0017935464061356043
-0.001645431245199891
0.006354116291893641
0.0017289219273133316
0.0016847377853261847
0.0015830520193997888
0.001544896163625964
0.0014686942216342036
0.0013777556921161782
0.0013777823778038378
0.0012897810530609899
0.001341657436757293
0.00126765015602337
-0.006922094981583138
-0.0022368652972328817
-0.0020654299622804295
-0.002145107074203789
-0.0020054720195314957
-0.0019444139276785233
0.006388664018350587
0.0016356691132661805
0.0015809097058272492
0.0014686039826781183
-0.006650611729630773
-0.001928955604875604
-0.0020173324654237934
-0.0018158664781844358
0.006249624186992708
0.0016168779725205251
0.0016739952301394467
0.0015315681594720854
-0.006636712327889871
-0.0018972777846724131
-0.001871173816838212
-0.0018063425636265507
0.006312488456530652
0.0016370325043095768
-0.006335201578530514
-0.0018036168691113463
-0.001767244656355027
-0.0017166273783630892
-0.001533426794394721
-0.001430710149006531
-0.00158360253801626
-0.0014648357166004988
0.006516803026191509
0.0019942457175921025
0.0019431208891091956
0.0018736162750927488
0.0018325319260750206
0.0017328064774595475
0.0017296728135671735
0.0015824566512496752
-0.006453602634621136
-0.0019120114603914384
-0.001773263143939996
-0.0017746325996366163
-0.0017138286523090684
-0.0016474135497877018
-0.001612086698193238
-0.0016216179875101489
-0.0014139753499653462
-0.0013446555950751282
-0.0012316500380777917
-0.0014460832738509843
-0.0011758786956248546
-0.0012625290457550786
-0.0008980744517008699
-0.0012331707147699156
-0.0011816037735337126
0.006993598681640734
0.002376930016577905
0.0023381748746009734
0.0022011145473479488
0.002144494041325773
-0.00588395826468191
0.006510111922553019
0.002038428901714795
0.0019715656676770887
0.001849292414719761
0.0018563158274989
0.001726396788245932
0.0017050534905616033
0.0016258651377027977
0.0016015142071614807
0.0014446231354843242
0.0014166775275439303
0.0014584612173296208
0.0013914800050836007
-0.006824802578786482
-0.0020702083794632564
-0.002127657014597384
-0.001972319267989242
-0.0017851156986015138
-0.001854391089035623
-0.0017862819428886567
-0.0017114828998547882
-0.001533207762747013
-0.0017629628916144835
-0.0014881427707864603
-0.0016312752793061769
-0.0013609617214713765
-0.001314580609091287
-0.0011845610224929803
-0.0012140085103657938
0.006754680494871268
0.0021584653494901573
0.002208649954643649
0.002046859485029362
0.0020045132706569824
0.0019337007094748504
-0.006174178809546627
-0.0016411137998513237
-0.0014738265379998783
-0.0015348136020170156
-0.0014912220728671155
-0.0015296856151949534
-0.0014109356794298478
0.006771102542655338
-0.005941276791314287
0.006833220019857533
0.00213074263007762
0.0020142759978529767
0.001967131978462433
0.0019039552759871903
0.0018558269744117784
0.0017568808631114319
0.0016860681044645887
0.0015943884486397941
0.0016155904237902252
0.0015079540605220654
0.0014495076967615539
0.0013830296333823267
-0.006734964793450482
-0.002107574013527236
-0.0019455774002685722
-0.0018702240968495598
-0.0019362286664106332
-0.0016925098018518714
-0.0016970370185027672
-0.0016429911811775
0.00644199781171606
-0.006162155715304873
-0.0016658026039368945
0.006392632824374633
0.0017855909035731088
0.0019200527002154466
0.001815929218190293
-0.006272488786815966
-0.001862598326827447
-0.0017527349265225034
-0.001801914918644787
-0.0016199209205580711
-0.0014307092706591362
-0.0015870161070801192
-0.0012804651218423224
-0.0013640356521240626
-0.0013155241195275114
-0.001168909789601047
-0.0011491091435531509
0.006805952146862859
0.0022401058078120872
0.0022663961621476325
0.002068426910082577
0.002057964568465742
0.0019666332404648657
0.0018875665359237015
0.0018116433259975917
0.0017271263897216116
0.0016740419099416926
0.001615331088565819
0.0015577651967237927
0.001518999678299826
0.0014052227748169166
-0.006721419452707211
-0.0020127284149527025
0.006162153435923301
0.0014918553470930629
0.001433636225554702
-0.006760845129146542
-0.0021333454367442606
-0.0020436140492976484
0.006359616473043728
0.0015968544430333687
0.0014503152463729574
0.0014186147808614713
0.0015121127600730144
-0.006805294325141986
0.006055828555727061
-0.006762287804823464
-0.001944739523242589
-0.0019757072270265574
-0.0019638717769567826
-0.0018382409448527426
-0.0018705543159782678
-0.001649821947200758
-0.0015672776898751906
-0.001525576490024827
-0.0015837347770164545
0.006524671214769073
0.0019025751041512606
0.0018787972349039173
0.001813832622792999
0.0017325905679559384
0.0017112643574586084
-0.006304959799141141
0.006163328711062288
0.0015982999076067372
0.0015925045341278476
0.0015072535582090207
0.0014302255292502064
0.0013804792561795676
0.0013447787779110598
-0.006693414797751318
-0.002132024540807409
-0.0020682812211796353
-0.0019734993483810914
-0.001928691486657863
-0.001832041288549524
-0.0018047102425737815
-0.0015938329394562523
-0.0016384937426023871
-0.0017021355579200925
-0.0014308614344020754
-0.0013199786269997293
-0.001503401090708012
-0.0013690051424870564
-0.0014023882537583798
-0.001349082519551903
-0.0012082662264518707
-0.0012783192889762596
-0.0012276833997229009
-0.000888135588698491
-0.0011278550522615394
-0.0009223270045275456
-0.001113226130950551
-0.0007987756932943402
-0.0009083843856194651
-0.0011254300790335403
-0.0009978848599365708
0.007130134793589926
0.0026746237997774536
0.0025180546636580647
0.0023602704352099213
-0.005382166293444346
-0.001188693765523885
-0.0010991988182835755
-0.0011939922536789993
-0.0011801647929563508
-0.0008936899085105754
-0.00106018140449482
-0.0009651438929856315
-0.0008338250195580876
-0.0010610005108431242
-0.0007919741404538438
-0.0007786240165579272
-0.0007325317302546708
-0.0006145023804646765
-0.0007954352793244635
-0.0008244179983869504
-0.0006378799851503025
-0.0007583469779997021
-0.0006737175125259842
-0.0004668101173301853
-0.0006055988506312726
0.007449429038091537
0.0027988891300751995
0.002774639419923064
0.0026968684028891854
0.0025658372918242467
0.0024319588929244684
-0.005494980230400515
-0.0011009414253910776
-0.0011507612565158087
0.007032445302919577
0.0024897864525845748
0.0022993112965334905
0.0022291847343631765
0.002235778220900375
0.0021157124064177246
0.001993326280779195
0.0019578199515051242
0.0018915431870769606
0.0017802767099897032
0.0017372197849931936
0.0016571830017515499
0.001601750207462782
0.0015691484256263877
0.001507636453780492
-0.006562275254611505
-0.001957825949838732
-0.001963950044872931
-0.0018028000201018024
-0.0018546203677825002
-0.0017583791972928253
0.006448616316077738
0.0018686276867851959
0.0017388159548143989
0.0016919011488558677
0.0016093824733680595
0.0014936176626765274
0.00150711237499368
0.0014384132284912532
0.0013988818899262068
0.0013135675075643949
0.0012985910269349699
0.0011901417283075588
0.0011195063602214006
0.0011301727039765286
0.0011214412947411212
0.0010352765357068971
0.0010159916476382147
0.0009780821550753327
-0.00690881508131147
-0.0024893442460502957
-0.002274270088281183
-0.0022530900567341305
0.005983241013842955
0.0012058514917687724
0.0011300827745290842
0.0011260800549703909
0.0011413012355871999
0.0010052656120040915
0.001069354133023781
-0.00686096654240087
-0.0023155271156141133
-0.0023119483436615518
-0.0021790765363598474
-0.0022196820604536427
-0.0021205944483297934
-0.002010051853625905
-0.0019753727084295125
-0.0018809676240929551
-0.0015898284305626564
-0.0017828435366662454
-0.0014605777665570585
0.006368219506703188
0.0018021060546620227
0.0017494016777670485
0.0016609497593715883
0.0015646166972356212
-0.006460782043474778
-0.001882682847883288
-0.0018236267763664937
-0.0015608885861140287
-0.0017854083037414092
-0.0015856949491588335
-0.0015224839514438315
-0.0015696308837336304
-0.0014575308039430634
-0.0013031320108163325
-0.0014079056054232542
-0.0012542458352513552
-0.001398576975503385
-0.001047858367676735
-0.0011716876444849422
-0.0012542835491879956
-0.001101740807878171
0.006980882355483109
0.0024013072499311505
0.0022661360388769314
0.002172818184734693
0.002019112256353317
-0.006047778377573865
-0.001413907914458834
-0.0013380475314437312
-0.0013548808152195058
-0.0010935361200408167
-0.0013380108932057322
-0.001055435038087582
-0.0011217352387209445
-0.001024642107453344
-0.0010559645689960373
0.0067946220185408635
-0.005455885589914278
0.007002254572725519
0.0023704153691801455
0.0022655162731781697
0.0021418789623144363
0.002223436385136335
0.0020108895418238237
0.002068931296469678
0.001904188739615842
0.0018771445040675072
0.0018074026706615953
0.001702264956824573
0.0016270625231831204
0.0015640822238776053
0.001524367244842173
0.001466254293847502
0.001358552151397685
0.0013311066865682175
0.0014287455540222815
0.0012674733509381308
0.0011993968427481683
0.0011436364018748701
0.0010925265891639224
0.0010450971777731244
0.0010124477758117756
0.0010153146940425906
0.0009215804421709439
-0.006954309200751352
-0.0024122205389642826
-0.0023686244871863327
0.0058873577415397005
0.0011200562373239187
0.0010809384986660842
0.001056973035497677
-0.006946650758048456
-0.00230518642680555
0.005840125606197066
0.0011032435704965149
0.0011309304636695217
-0.006843549145731043
-0.00228395515704638
-0.002194175305735291
-0.0021015931045818004
0.00594919236504321
0.0013888158384627314
0.001311553829378198
0.0012521068849629113
0.0011700791996145377
0.001110360499664953
0.00109084090766709
0.0010610981532725994
0.0010083214370064653
0.000964141882176639
-0.006901344181004632
-0.002378747148948701
-0.002342870101512906
0.005848895419755529
0.0011815898280096437
0.001067032341162344
0.0010831180738555268
0.0009918776952677621
0.0010380938038858645
0.0009507827456234352
0.0009179420540352812
0.0009128106291962368
0.0008787567803734131
0.0008404075015275847
0.0008075058573091543
0.0007624085299307026
0.0007093479569106886
0.0007312919527786566
0.0006734617628529893
0.0006349212214644684
0.0005864997813218586
-0.007130043500347405
-0.0024417386804702623
-0.0024296058405994803
-0.0025207778616149756
-0.002420859220614746
-0.0024300300008588405
-0.002203478617201826
-0.0021490426434283005
-0.0021199796536153226
-0.0020420702638890287
0.006063680646689162
0.0014471244937483974
0.0013628923552913008
-0.006685915980824575
-0.0020853261687516778
0.0060395982704373186
0.0014466219708550998
-0.0066562784793327
0.006054094106402896
-0.006586483956126266
-0.0019708806108860166
-0.0019358009559873324
-0.0018861655109221331
-0.0017907242175556615
-0.00184993044663595
-0.001753813703296414
0.006394490640426964
0.0018455510749353365
0.0018033926801130917
0.0017049600960898914
0.0016490493396039696
0.0015630158087522883
-0.006438226372489142
-0.0019183096769443964
-0.0018439776030148014
-0.0018001711898969486
-0.001657355417903128
-0.0016737445810661722
-0.0015499080833345502
-0.0015328288742346707
0.006371941778281043
0.0019565693649679083
0.001817381179008093
0.0018101565710528789
0.0017073681718924316
0.0017183309020558646
0.0016369847406780824
0.0015648265834586894
0.0014775611779840325
0.0014203695609831257
0.0013746541203294438
-0.006708086925566237
-0.002075303685548091
-0.0020379621897255173
0.006301631787196227
0.0014823191875816821
0.001453260003012602
0.0013606993352202057
0.0013743254743858735
-0.006705283256150052
-0.002063658445939698
-0.0020400065629377906
-0.001995958344173987
-0.001861346177501444
-0.0017071479917876164
-0.0017665356816960465
-0.001864916902771574
-0.0017184390575815112
0.006540390832932674
0.0018579491186436758
0.0018110705723668463
0.0017692392445860516
0.001675971532500098
0.0015983939864663288
0.0015033711161629437
0.001450696817103525
0.0014132970131828237
0.0013286335322444387
0.0014679566194102378
0.0012992538648406438
-0.006801004223158991
-0.0022498014894460905
-0.002164887595055953
-0.002123999348227379
-0.0018807343426967549
-0.0017883101139730684
-0.0016598675450738565
-0.0017306170712187985
-0.0016813887880187117
0.00635194718372234
0.0017612481150279802
0.001748539592126619
0.0016607133865440549
0.0016464602243715376