0.035357793702836905
0.03532136475508485
0.035286244626959076
0.035252386140565535
0.03521974216253602
0.03518830358677788
0.035157967749327924
0.03512871736002986
0.035100479454796205
0.03507317932928391
0.035046798286806846
0.03502138708294853
0.034996884194653265
0.03497321922620205
0.03495034094014164
0.03492821404995834
0.034906867298502633
0.034886242958483485
0.03279303048277559
0.03288467343676425
0.03297378335488705
0.03306045563253902
0.033144641644889714
0.0332261601374967
0.0333050869301844
0.03338148099180503
0.033455540620652785
0.0335271233292679
0.03359632683383965
0.03366325708555596
0.033728048840169424
0.033790641494353506
0.03385143244220148
0.03391063453221796
0.033968417026073526
0.03402441956950905
0.034078689520982024
0.03413099287658895
0.0341815963366061
0.03423056463368266
0.036444899020839715
0.03636674309316904
0.03629160090343151
0.03621962164134344
0.03615043560663366
0.03608387910706282
0.03601987574177474
0.0359582475758669
0.03589900593798282
0.035842128697081546
0.035787456089091965
0.03573492084305802
0.03568435473471956
0.03563580641829047
0.03558910409931189
0.03554413577619196
0.03550089802770899
0.03335068907683272
0.03342587364185269
0.033498696834563906
0.03356928748534517
0.03363776357117927
0.03370409038340719
0.03376818195379644
0.03383033342083401
0.03603315248536141
0.035971234668485084
0.03591172062749619
0.03585452248896114
0.03579949258893955
0.0336209045149778
0.033687637882612184
0.033752364531405135
0.03595293655734823
0.03589414759074637
0.03583764643664084
0.03578335589771189
0.03573114059271549
0.03568089534281957
0.035632563215028154
0.03558603897902192
0.03342787776313998
0.03350072206573978
0.0335713346802974
0.03363966871312936
0.033705927059661314
0.03377014065943121
0.03383226215151981
0.033892357851137915
0.036096943683449186
0.03603265386445366
0.03597078153814789
0.0359112480101795
0.035854052592387615
0.03579902944728258
0.0336204563965572
0.033687324928781716
0.0337520570688701
0.03381474738216462
0.033875405279615516
0.03393407349104583
0.03614000110570028
0.03607394354082489
0.0360104356073438
0.035949261611941064
0.035890391943962284
0.03583381905803711
0.03577953035307507
0.03572726838156524
0.03567705498116348
0.03562876826098904
0.03558235699002926
0.03553771662568667
0.035494746069144094
0.0333451458479434
0.033420459781029886
0.03349352836168567
0.03356428882408167
0.03363271851225873
0.033698938156495856
0.033763041789933126
0.0338253734698574
0.03388571683987024
0.03394402142281378
0.036149990706967484
0.03608340086129772
0.03601944053219599
0.03595790954688005
0.03376418123077074
0.033826463649436984
0.03388700511153545
0.03394558429399592
0.03400226404928053
0.034057076402418056
0.03411006523088391
0.034161297544964504
0.034210971294138505
0.03425877168505769
0.034304880765454106
0.03434946272211757
0.034392684250244866
0.03443428606818073
0.034474407948579346
0.03669517558999758
0.03660698440458614
0.034350584403929824
0.03439425539194548
0.036613609503036604
0.03652887774509693
0.03644747655532285
0.036369203511979906
0.03629402535429329
0.036221747942537706
0.03615214053853689
0.036085310149424496
0.03602115274781778
0.03595945657382763
0.035900153461171154
0.03584321041118204
0.03578844674508552
0.03573568989847716
0.03568499971425867
0.03563620572176635
0.033473002897605866
0.03354421650132672
0.03361323664807234
0.03368001966153776
0.0337446643704696
0.03380729802700694
0.033867782375529135
0.033926351548121896
0.03398322278649217
0.0340381911593649
0.034091342671975826
0.0341427034246606
0.03419233634078736
0.03640504460151713
0.036328316333308096
0.03625468073152032
0.036183967587924255
0.03611596647504908
0.03605056925254554
0.035987641386580276
0.03592723988256445
0.03586917421627718
0.035813359740306985
0.035759646255318286
0.035707976193252444
0.035658339180302395
0.03561062340397761
0.035564757454240474
0.03340840176570698
0.033481637508865784
0.03355251702635631
0.033621014048466055
0.0336874030921349
0.033751414411729595
0.03381352877801857
0.03387383817523962
0.0339322991394942
0.03398882293382455
0.0361957370623834
0.03612709616820489
0.036061086824118516
0.03599774292413612
0.035936767370193426
0.03374472724598966
0.03380743804635309
0.033868344844485296
0.033927262083875274
0.03398432444891919
0.03403958908605214
0.03624855440730089
0.03617811736496908
0.03611040452884921
0.036045362186531614
0.035982810999355117
0.035922670495829936
0.03586483781957415
0.03580921857529679
0.035755655686520116
0.03570400190138054
0.03565435505819695
0.03560666180885189
0.03556076088041634
0.035516577774652086
0.03547412752772984
0.035433176276503435
0.03539374818247533
0.03535577371320218
0.035319182726587885
0.03318578424509089
0.033265726355617045
0.03334315685293284
0.033418098216766404
0.03349068736411791
0.03568275156766594
0.03563398980713366
0.03558705999113879
0.03554192942624993
0.035498528857526516
0.035456696917150025
0.035416324279005706
0.03537741182047555
0.03533996746685186
0.03530386501847327
0.03526902702958939
0.035235531306149266
0.035203220508784466
0.03517203844279836
0.03514199288272473
0.03302504744311102
0.03310986136389749
0.03319207400170863
0.03327162877530011
0.033348540472958044
0.035536034024825455
0.03549265111708665
0.033342800127936334
0.03341774914415556
0.03349053261898364
0.03356102520829723
0.033629215405543096
0.03369540841265532
0.03375952514385185
0.033821369626848556
0.03388123607193372
0.0339391463578687
0.03399522000886609
0.03404919771106214
0.034101557612354914
0.03415216195976963
0.034201547525521084
0.03424899302402558
0.03646339825663187
0.0363841418640145
0.036307923015243874
0.036234799162009
0.03616446884587464
0.036096856201539594
0.03603190109679287
0.03596970533240277
0.033774645118747434
0.033836554199937696
0.03389651579515833
0.03395460141300757
0.034010783207939536
0.03406520104409602
0.034117940926860046
0.03632922945156937
0.03625565960932555
0.034033352209528925
0.03408735585589839
0.034139572611441384
0.03635164298212768
0.03627718077159551
0.03405286324660437
0.03410607982724402
0.034157442661494064
0.034206892880225916
0.0342551400424113
0.03430171877168642
0.03651850982696109
0.03643758386209225
0.03635983081883789
0.03628504586060065
0.03621308097035832
0.036144111876912965
0.03607786808533074
0.03601415541905707
0.035952961551445686
0.035894082196350395
0.03583742220933268
0.03578285232792536
0.03360580517802806
0.03367311995274005
0.035871346882725724
0.035815611853963744
0.03576203229031116
0.03571047536026948
0.03566088499181914
0.0356131879829364
0.03345232035704203
0.03352423214804688
0.03359390630992194
0.033661423901302494
0.033726692061186794
0.035926185326397124
0.03586802376667168
0.03581230075247525
0.035758755515980595
0.03570729277938471
0.03565783221069376
0.03561017530174514
0.03556434770776521
0.0334081246613361
0.03348145926341044
0.03355235797614963
0.03362096341187808
0.0336873690033432
0.03375154823021081
0.035951310854450774
0.035892085896563015
0.035834982211785694
0.033652752685195034
0.0337183532986189
0.03378196287940671
0.033843522704313414
0.03390303576750527
0.03396060405903533
0.034016377080675404
0.034070274522582655
0.034122042104936426
0.0341721754665809
0.03422036917266609
0.03426717332640354
0.03431236775350864
0.03435598760563508
0.03439820826934133
0.03443948170448036
0.036659442617411865
0.03439748061781656
0.03443909118532749
0.03447930537641158
0.0345182863721566
0.03455627484323416
0.03459312071189474
0.034628661897683426
0.03466311105838966
0.036889957524168314
0.03679402092986911
0.03670187270944252
0.03661332321827168
0.03435627962339157
0.03439962328025766
0.0344415812398376
0.03448205668543976
0.03452118488035796
0.03455879356671716
0.034595089735638546
0.0346300199009511
0.03466390431311947
0.03469703261950317
0.03472887030348069
0.0347596018076018
0.03478918083804635
0.03481740699321628
0.034844790541510406
0.03487127818423958
0.03489710108330126
0.034921973732887794
0.03494585910202829
0.037179859572899134
0.03707188210490764
0.036968372971664255
0.03686871193374614
0.03458632167450808
0.03681058491261356
0.03671741207019789
0.03662793100069074
0.03654202827034612
0.03429153390212607
0.03433645666259048
0.034379766706351816
0.03442152590255667
0.0344617442455633
0.03450091883768185
0.03672250461251464
0.03663268097120366
0.036546341235129905
0.03646339781655245
0.03638366958690582
0.03630700564975501
0.03407901655645739
0.03413071137561302
0.03418075058958394
0.03422917663245465
0.03427601839169608
0.03432128391834795
0.03436505630639688
0.0344073675105337
0.034448140717867254
0.03666799282950012
0.036580304094957494
0.036496158431236624
0.036415294343379125
0.03633752972524689
0.036262813704806766
0.036191060351680224
0.03397416745683388
0.03402899734705655
0.03623692130434837
0.03616622969545242
0.036098278366265835
0.03603290780419796
0.035969997334876505
0.0359097060463817
0.035851826085076526
0.03579615419824164
0.03574259390829365
0.03569106670133256
0.03564144872278102
0.035593873980743373
0.03554810295109784
0.03339282958485694
0.03346593549052308
0.03353687896065296
0.03360552978589128
0.03367207385997061
0.0337364774789051
0.03593553330464901
0.03587647522933764
0.03581973152810646
0.03576506298012832
0.033589031229971845
0.033655996262164305
0.033720860716661215
0.03378358815686316
0.03384437434740939
0.036046902611238385
0.03598372734426696
0.03592300783072787
0.03586467338943497
0.03580855930369529
0.03575460622092569
0.035702692959044116
0.0356526747577084
0.03560455607598461
0.03555819820975638
0.03551369061393823
0.033361677072940375
0.03343584819777018
0.033507639386397864
0.033577260908395905
0.033644541939530724
0.03370964814373893
0.03590785156329105
0.035849945145001276
0.03579434604015486
0.03574096795238698
0.03356738372070401
0.033635258476719776
0.03370108810656259
0.03376469175151496
0.035964955334567346
0.035904985329732166
0.03584728918989122
0.0357919641717729
0.03361361028408905
0.03368007372997002
0.0337445109569548
0.033806919691002094
0.03600857147680302
0.03594710479952336
0.03375390445160012
0.03381614178972178
0.03387640981741952
0.03393472532774456
0.03399112866154231
0.03404587013985883
0.03409907922759217
0.03415048500544394
0.03636250022406554
0.03628740951185348
0.036215216562814845
0.03614583445632881
0.03607914685743101
0.036015085985965
0.03595348772696811
0.03589434903558608
0.03370639380501404
0.03377024116511321
0.03383198315331373
0.03389179298221923
0.033949629326252756
0.03400554834808156
0.03405961703110652
0.03411185551474858
0.03416221424062361
0.03421098709742032
0.03425825494492515
0.03430417015824258
0.03434836693010187
0.03439124648689958
0.03443264738923561
0.034473128229740684
0.03451213537654869
0.036734081540916896
0.036644114656668086
0.03655771310902025
0.03647480334900371
0.03639514734795674
0.034158994384038716
0.03637112512545652
0.036295535016144125
0.03622291658481093
0.03615315635394625
0.03608604970251145
0.03602160877180009
0.035959619158924386
0.035900047495550876
0.03584276564536902
0.03578773670731622
0.035734706466899774
0.035683632941663546
0.035634588871670134
0.03347129765423172
0.03354224366352162
0.033610992756778355
0.033677408077486246
0.033741680493190894
0.03380405578970942
0.033864386550555174
0.03392273766120358
0.0339791867644271
0.03403397641394179
0.03408671273855337
0.03413779053005044
0.03418695248117591
0.034234591834786283
0.03428075457115806
0.03432562107539518
0.03654205711408226
0.03645938102804038
0.03637988475235701
0.0363036485134879
0.036230397439425556
0.036160058833259054
0.033946309661597264
0.03400219757869779
0.034056244986090896
0.03410868009481478
0.03415937590515357
0.03420836902258564
0.03425556727205453
0.03646976409256199
0.03422595205846571
0.03643927691298431
0.036360678941336134
0.03628520916828711
0.036212669390365326
0.036142979210410854
0.03607603276095755
0.03601175047112991
0.035949969511042165
0.03589057473324049
0.035833417431296775
0.03577853571749234
0.03572575657144381
0.03567498829753767
0.033507655714740736
0.03357733709626572
0.03364473687066406
0.03371005642748389
0.033773368405091604
0.0338345281149403
0.033893871835349594
0.03395135569659988
0.03615707041901302
0.03394361862635867
0.03399962703983983
0.036206755743280375
0.03613725087051128
0.03607029209661471
0.036006103540870145
0.033807110511822426
0.03386751450633685
0.03392582037503116
0.03398215850999657
0.03403641322363028
0.03408883111665403
0.034139675919360596
0.03418867108974641
0.034236268483786615
0.034282309963527144
0.03432684494584857
0.0343700806177498
0.036587674234584325
0.036503093341629295
0.03642183293329831
0.03634393216864897
0.0362690540827996
0.036197178714140396
0.03612815205610341
0.036061842048374274
0.035998123141924486
0.03593685666333745
0.03587795697566502
0.0358213300074375
0.035766884347726804
0.035714560170608645
0.03354344186813865
0.033611945754334946
0.03580754802052066
0.03575358724685063
0.0357017041925503
0.03353180984064664
0.03360063629154066
0.03366712317222396
0.0358639737093043
0.03580767629693507
0.03575362449134488
0.03570158176476638
0.03565150032898921
0.033486410011777226
0.03567826102598346
0.03351060583860589
0.03358013644993465
0.0336476336207739
0.03371300517693786
0.03377622429466588
0.03383744167063367
0.03389656584822485
0.03395390015901266
0.03400953848353675
0.03406351313840041
0.03627261392851523
0.03620077877335992
0.03613168578183221
0.036065295055632225
0.0360014992220015
0.035940164999001926
0.033747617215590234
0.03594769205720721
0.03588860227913053
0.035831757496650254
0.0357771514579785
0.035724647955869576
0.03567412489098484
0.035625505343403
0.03346308297145358
0.03353450577114742
0.03360364587490223
0.033670551684557216
0.03373532197791631
0.033797981228429606
0.03385863623319349
0.0339172888033587
0.03397422909383132
0.034029352990714815
0.0340825250589054
0.034134136142801544
0.03418433205040032
0.03423279558783259
0.0342797086337747
0.03432499013234325
0.03436869625103295
0.03441102449689088
0.034451838995989074
0.03449119533678196
0.03452961444648579
0.03456669494009603
0.03460274613635013
0.03463744316128119
0.0346712727472129
0.034704043572289844
0.034735387169572474
0.03696348425106207
0.03686409074348901
0.036768798249874245
0.03667732548930507
0.03441364217772938
0.03445479541866434
0.03449455756811022
0.034533049045793476
0.03457009621513331
0.034605697888346075
0.03464029325567616
0.03467359706105692
0.03470574290016354
0.034736925644078084
0.034766761721372386
0.03479566801740549
0.034823652255510144
0.034850775784861295
0.03487721840553536
0.034902674590766056
0.03492708273526021
0.03495073315964661
0.03497341777101482
0.0349952618301059
0.03501659320887596
0.0372523493116911
0.03714125222822885
0.037034517930158724
0.03693208458870768
0.03683380072290746
0.036739426564855515
0.03446944255806445
0.03450819261502418
0.03454565376548207
0.036768101963972614
0.036676327161138715
0.03658831259811113
0.03650372565365957
0.03642244078334355
0.0363444639061459
0.036269589152633466
0.036197608763685475
0.03612846206789626
0.036062038286039294
0.03599815304217087
0.035936736337726816
0.035877657905707294
0.03582082898386687
0.035766199167102684
0.03358999460496148
0.03365703304874223
0.03372196445822185
0.03378473470246381
0.03384554984349332
0.033904289025526536
0.03610819814771448
0.03604231524001967
0.035979117190165506
0.03591839064127483
0.03586006042584882
0.0358039935032884
0.03575000290659375
0.03569811456255007
0.0356482203438293
0.03560026032867608
0.03555410036868257
0.03550972119629374
0.03546695201429391
0.0354256834902586
0.035385938109285864
0.03534770737344151
0.03531085808485464
0.035275364784629996
0.033145592272004136
0.03322645582306683
0.033304710508190734
0.0333806224682741
0.03556925880750104
0.03552441756430759
0.035481210590369676
0.03543952013280999
0.03539934488655892
0.03536071498230811
0.035323416618919995
0.033189220214019384
0.03326887111385991
0.03334614774240219
0.033420999612046316
0.033493574465048165
0.03356375834795461
0.03363165126081774
0.03369737448947098
0.03376093559618083
0.033822436247073075
0.033882288072506865
0.03394015552132243
0.036145881928129175
0.03607914849488664
0.03601499096397806
0.03595332322279487
0.0358940009144328
0.03370586520523102
0.03376949559983489
0.033831062797079904
0.03389061654708134
0.03394852718089107
0.03400440956583566
0.0340585381965376
0.03411097887551133
0.03416162508791409
0.03421062092871155
0.03425818103441702
0.03430411270290027
0.03434863172251835
0.03439148282686762
0.03443319807298857
0.03447355944657815
0.034512411516592144
0.036734344393939355
0.036644322791054174
0.03655790800134848
0.03647486268992983
0.03639502296152632
0.03415850526688307
0.034207228424163724
0.03425433638750944
0.03429992060664045
0.03434392721142895
0.03438674553761334
0.034427964130986304
0.034468008298426465
0.03450675180648118
0.03454432902038383
0.03676698089987727
0.034494251006263583
0.036715369864008716
0.036625855045254875
0.03653989221822536
0.03645729587551601
0.03637785117197943
0.03630169123593249
0.036228455974315524
0.0361582408458116
0.036090770136131836
0.03602599915545378
0.03596381334866324
0.035904040593122535
0.035846559246940156
0.03579126864341931
0.0357381071008242
0.035686983373269365
0.03563772554835146
0.035590293306729824
0.035544850832315
0.03550114146661865
0.035459060077471946
0.03541852171615756
0.03537944914346727
0.03534177121274313
0.035305440748222235
0.035270467963211656
0.0331413933951085
0.0332225696615806
0.03330126053927703
0.03548771364583361
0.03544615434058902
0.03540610174255634
0.03536749803226707
0.033229429599933864
0.033307960842883844
0.035494766331719226
0.035453009790044086
0.035412732100508264
0.03327050600827085
0.03334799209025281
0.033423099567301606
0.033495911051868194
0.03568870907202783
0.03563981721837994
0.03559284736030353
0.03554767873990939
0.03550421993255188
0.03546234307602843
0.03542195665567384
0.03538303443086426
0.03534553387586406
0.03530937545347944
0.03317693215606505
0.03325736404899631
0.03333534165809672
0.035523212901943844
0.03548060001102474
0.035439590538220274
0.035400004414054935
0.035361872962759916
0.03532505443837574
0.035289628770610565
0.03525546127523242
0.03522250471687656
0.03519075643729749
0.03516016758778425
0.035130682457619515
0.03510225401914177
0.035074815729871235
0.035048288202300354
0.03502271141441346
0.034997998613740415
0.03497409344112551
0.03287260303186165
0.032961760299645225
0.033048583730781476
0.03313303156158967
0.03321490611747861
0.033294296291641115
0.03337112863630675
0.033445689820614966
0.03351801094128473
0.03358808603954799
0.03578383445289955
0.03573155528121943
0.03568128606214315
0.03351402023908445
0.03358426397194995
0.035779882732727454
0.03572770481302669
0.03355600822183865
0.03575078578238892
0.03357694020705801
0.033645303057236
0.033711562732326165
0.03377572852844818
0.03383783363777894
0.03389798448413602
0.03395604863564028
0.03616250136012137
0.03609541463637078
0.03603097700676349
0.035969119811841165
0.03590968209592088
0.03585257420859695
0.03366898681397101
0.033734496342622704
0.03379792333637242
0.033859340085465484
0.03391877371636116
0.033976407970606415
0.03403218120277932
0.03408625205368712
0.03629697690202727
0.0362249060205858
0.03615567022842374
0.03608903678145172
0.03602499426585459
0.035963373369010086
0.0359041943751589
0.0358473257175237
0.03579265181202816
0.03574003291545711
0.035689379267762306
0.03352128769047641
0.03359120004181467
0.033658882323870175
0.03585651471080483
0.03580149637615426
0.03574854022370375
0.03569760260058758
0.035648536307105176
0.03348436962694695
0.03355554125036491
0.03362452788356727
0.03369131808775974
0.03375593292788522
0.033818535907229934
0.033879325713170726
0.033938172151345716
0.0339948819128865
0.036202380691438066
0.036133833215195865
0.03606795537539836
0.036004670059651654
0.03594390957320198
0.03588552198139459
0.03582938218897131
0.03577533711344777
0.03572330397428151
0.035673225615240986
0.0356249679931723
0.03557876351255944
0.03342132989501809
0.03349452817398478
0.03356529979080586
0.03363372191541929
0.033699806733261874
0.033763881873130834
0.03382604874186223
0.033886468092454665
0.03394499333583948
0.03615136747846035
0.03608491603375028
0.03602097417981596
0.03595952225263157
0.035900416957056515