   6.4193480e-02
   4.1778113e-02
   3.6542012e-02
   3.4288693e-02
   3.3285117e-02
   3.2468144e-02
   3.2041912e-02
   3.1820018e-02
   3.1624685e-02
   3.1434028e-02
   3.1245538e-02
   3.1078343e-02
   3.0917773e-02
   3.0770916e-02
   3.0631159e-02
   3.0498167e-02
   3.0373108e-02
   3.0254728e-02
   3.0145478e-02
   3.0044827e-02
   2.9952525e-02
   2.9863506e-02
   2.9779598e-02
   2.9702894e-02
   2.9634021e-02
   2.9573255e-02
   2.9516654e-02
   2.9467050e-02
   2.9420640e-02
   2.9381534e-02
   2.9345264e-02
   2.9317199e-02
   2.9292129e-02
   2.9273429e-02
   2.9256213e-02
   2.9243608e-02
   2.9234557e-02
   2.9230674e-02
   2.9231697e-02
   2.9237694e-02
   2.9247157e-02
   2.9260641e-02
   2.9277992e-02
   2.9299111e-02
   2.9325001e-02
   2.9353066e-02
   2.9385034e-02
   2.9420908e-02
   2.9459265e-02
   2.9500649e-02
   2.9545822e-02
   2.9593762e-02
   2.9643842e-02
   2.9697036e-02
   2.9754239e-02
   2.9813119e-02
   2.9875570e-02
   2.9940034e-02
   3.0007799e-02
   3.0078427e-02
   3.0151750e-02
   3.0226685e-02
   3.0304069e-02
   3.0385477e-02
   3.0469537e-02
   3.0554807e-02
   3.0642712e-02
   3.0733208e-02
   3.0826681e-02
   3.0921466e-02
   3.1019118e-02
   3.1118995e-02
   3.1221000e-02
   3.1324991e-02
   3.1431275e-02
   3.1540145e-02
   3.1651162e-02
   3.1763115e-02
   3.1877452e-02
   3.1994840e-02
   3.2113911e-02
   3.2234116e-02
   3.2356839e-02
   3.2481718e-02
   3.2608658e-02
   3.2736327e-02
   3.2866415e-02
   3.2998695e-02
   3.3133103e-02
   3.3268052e-02
   3.3405501e-02
   3.3544693e-02
   3.3685955e-02
   3.3828091e-02
   3.3972402e-02
   3.4118675e-02
   3.4266587e-02
   3.4415155e-02
   3.4565620e-02
   3.4718121e-02
   3.4872976e-02
   3.5027742e-02
   3.5184364e-02
   3.5343189e-02
   3.5503653e-02
   3.5664123e-02
   3.5826862e-02
   3.5991543e-02
   3.6158091e-02
   3.6324616e-02
   3.6493013e-02
   3.6663536e-02
   3.6835875e-02
   3.7008153e-02
   3.7182448e-02
   3.7358836e-02
   3.7537113e-02
   3.7715624e-02
   3.7895821e-02
   3.8078342e-02
   3.8262603e-02
   3.8446628e-02
   3.8632613e-02
   3.8820919e-02
   3.9010783e-02
   3.9200105e-02
   3.9391570e-02
   3.9584657e-02
   3.9779792e-02
   3.9973923e-02
   4.0170041e-02
   4.0368333e-02
   4.0568758e-02
   4.0767255e-02
   4.0967892e-02
   4.1170647e-02
   4.1375461e-02
   4.1577811e-02
   4.1781684e-02
   4.1987944e-02
   4.2196040e-02
   4.2400801e-02
   4.2607679e-02
   4.2817000e-02
   4.3027940e-02
   4.3234718e-02
   4.3443693e-02
   4.3655214e-02
   4.3868114e-02
   4.4076294e-02
   4.4287172e-02
   4.4499491e-02
   4.4714894e-02
   4.4924877e-02
   4.5136697e-02
   4.5351040e-02
   4.5568756e-02
   4.5780680e-02
   4.5995493e-02
   4.6214355e-02
   4.6437892e-02
   4.6656743e-02
   4.6881676e-02
   4.7114210e-02
   4.7331451e-02
   4.7878800e-02
   4.8439198e-02
   4.9013116e-02
   4.9601048e-02
   5.0190295e-02
   5.0794133e-02
   5.1413113e-02
   5.2047809e-02
   5.2683437e-02
   5.3335436e-02
   5.4004447e-02
   5.4691144e-02
   5.5378177e-02
   5.6083637e-02
   5.6808275e-02
   5.7552883e-02
   5.8296119e-02
   5.9059610e-02
   5.9844042e-02
   6.0650231e-02
   6.1453108e-02
   6.2278511e-02
   6.3127378e-02
   6.4000703e-02
   6.4869767e-02
   6.5763201e-02
   6.6681991e-02
   6.7627179e-02
   6.8566172e-02
   6.9532420e-02
   7.0527093e-02
   7.1551437e-02
   7.2567599e-02
   7.3614422e-02
   7.4693275e-02
   7.5805618e-02
   7.6904497e-02
   7.8037893e-02
   7.9207430e-02
   8.0414814e-02
   8.1602851e-02
   8.2829733e-02
   8.4097364e-02
   8.5407752e-02
   8.6695290e-02
   8.8026772e-02
   8.9404446e-02
   9.0830717e-02
   9.2231016e-02
   9.3681366e-02
   9.5184449e-02
   9.6743118e-02
   9.8269632e-02
   9.9853252e-02
   1.0149711e-01
   1.0320456e-01
   1.0486705e-01
   1.0659440e-01
   1.0839033e-01
   1.1025884e-01
   1.1206450e-01
   1.1394399e-01
   1.1590183e-01
   1.1794292e-01
   1.1990258e-01
   1.2194679e-01
   1.2408110e-01
   1.2631140e-01
   1.2843732e-01
   1.3066022e-01
   1.3298681e-01
   1.3542433e-01
   1.3772937e-01
   1.4014594e-01
   1.4268204e-01
   1.4534666e-01
   1.4784491e-01
   1.5047269e-01
   1.5323918e-01
   1.5615516e-01
   1.5886400e-01
   1.6172441e-01
   1.6474862e-01
   1.6794924e-01
   1.7089762e-01
   1.7402706e-01
   1.7735382e-01
   1.8089771e-01
   1.8413954e-01
   1.8760326e-01
   1.9131733e-01
   1.9530430e-01
   1.9894460e-01
   2.0287001e-01
   2.0711967e-01
   2.1173463e-01
   2.1597440e-01
   2.2059005e-01
   2.2563270e-01
   2.3116686e-01
   2.3632879e-01
   2.4202365e-01
   2.4831221e-01
   2.5529965e-01
   2.6195912e-01
   2.6939264e-01
   2.7773035e-01
   2.8710535e-01
   2.9628479e-01
   3.0668630e-01
   3.1848297e-01
   3.3193389e-01
   3.4557230e-01
   3.6108801e-01
   3.7885076e-01
   3.9908859e-01
   4.2011573e-01
   4.4396234e-01
   4.7074502e-01
   5.0101086e-01
   5.3195259e-01
   5.6552728e-01
   6.0156446e-01
   6.4002742e-01
   6.7736579e-01
   7.1563929e-01
   7.5377713e-01
   7.9123397e-01
   8.2450639e-01
   8.5528999e-01
   8.8342898e-01
   9.0849418e-01
   9.2877244e-01
   9.4595771e-01
   9.6029441e-01
