   5.2209853e-01
   5.0347652e-01
   4.8525809e-01
   4.7138278e-01
   4.6141451e-01
   4.5335630e-01
   4.4709591e-01
   4.4234873e-01
   4.3829294e-01
   4.3598456e-01
   4.3387896e-01
   4.3256235e-01
   4.3115648e-01
   4.3039700e-01
   4.3046812e-01
   4.2944939e-01
   4.2890532e-01
   4.2932914e-01
   4.2908109e-01
   4.2869942e-01
   4.2963867e-01
   4.3018266e-01
   4.2984605e-01
   4.3024369e-01
   4.3075576e-01
   4.3154359e-01
   4.3200695e-01
   4.3223509e-01
   4.3334866e-01
   4.3384239e-01
   4.3411879e-01
   4.3502013e-01
   4.3570581e-01
   4.3613838e-01
   4.3647614e-01
   4.3737317e-01
   4.3772885e-01
   4.3836676e-01
   4.3856025e-01
   4.3908016e-01
   4.4032240e-01
   4.4136470e-01
   4.4148175e-01
   4.4063283e-01
   4.4139768e-01
   4.4254044e-01
   4.4210961e-01
   4.4255784e-01
   4.4201633e-01
   4.4199244e-01
   4.4307301e-01
   4.4314702e-01
   4.4377078e-01
   4.4422582e-01
   4.4371940e-01
   4.4344343e-01
   4.4311963e-01
   4.4274868e-01
   4.4254066e-01
   4.4221156e-01
   4.4219323e-01
   4.4215080e-01
   4.4168029e-01
   4.4245893e-01
   4.4223961e-01
   4.4109634e-01
   4.4061210e-01
   4.3964819e-01
   4.3949187e-01
   4.3903573e-01
   4.3874908e-01
   4.3825388e-01
   4.3771700e-01
   4.3726328e-01
   4.3701844e-01
   4.3612527e-01
   4.3511350e-01
   4.3470942e-01
   4.3293222e-01
   4.3238625e-01
   4.3138449e-01
   4.3063360e-01
   4.2945023e-01
   4.2843514e-01
   4.2725972e-01
   4.2639420e-01
   4.2615369e-01
   4.2469441e-01
   4.2403419e-01
   4.2301579e-01
   4.2179655e-01
   4.2045761e-01
   4.1988308e-01
   4.1830139e-01
   4.1739943e-01
   4.1540136e-01
   4.1426461e-01
   4.1297491e-01
   4.1088717e-01
   4.0926526e-01
   4.0796118e-01
   4.0603600e-01
   4.0454033e-01
   4.0316059e-01
   4.0140781e-01
   3.9972155e-01
   3.9774356e-01
   3.9545022e-01
   3.9379630e-01
   3.9142633e-01
   3.8924177e-01
   3.8706379e-01
   3.8521941e-01
   3.8314350e-01
   3.8102839e-01
   3.7874052e-01
   3.7616415e-01
   3.7434969e-01
   3.7235836e-01
   3.7007125e-01
   3.6682695e-01
   3.6428841e-01
   3.6111815e-01
   3.5844895e-01
   3.5521792e-01
   3.5271874e-01
   3.5021405e-01
   3.4735521e-01
   3.4433579e-01
   3.4043703e-01
   3.3756492e-01
   3.3424430e-01
   3.3043451e-01
   3.2581772e-01
   3.2182838e-01
   3.1743578e-01
   3.1288581e-01
   3.0785710e-01
   3.0298414e-01
   2.9848408e-01
   2.9252209e-01
   2.8625260e-01
   2.7987104e-01
   2.7254078e-01
   2.6514718e-01
   2.5616453e-01
   2.4786562e-01
   2.3867367e-01
   2.2894671e-01
   2.1947889e-01
   2.0982775e-01
   1.9976790e-01
   1.9059594e-01
   1.8128074e-01
   1.7298380e-01
   1.6621289e-01
   1.6021659e-01
   1.5590612e-01
   1.5269646e-01
   1.5105035e-01
   1.5039724e-01
   1.5068078e-01
   1.5200182e-01
   1.5383171e-01
   1.5573104e-01
   1.5979357e-01
   1.6430603e-01
   1.6938650e-01
   1.7516513e-01
   1.8168065e-01
   1.8907716e-01
   1.9752525e-01
   2.0708621e-01
   2.1777031e-01
   2.2958756e-01
   2.4257441e-01
   2.5656819e-01
   2.7138029e-01
   2.8672725e-01
   3.0226107e-01
   3.1772474e-01
   3.3290270e-01
   3.4765910e-01
   3.6205338e-01
   3.7591645e-01
   3.8894203e-01
   4.0121780e-01
   4.1287573e-01
   4.2399615e-01
   4.3437729e-01
   4.4420970e-01
   4.5356158e-01
   4.6265593e-01
   4.7126451e-01
   4.7945747e-01
   4.8731839e-01
   4.9499287e-01
   5.0224417e-01
   5.0924345e-01
   5.1608721e-01
   5.2283125e-01
   5.2910989e-01
   5.3520942e-01
   5.4117889e-01
   5.4710259e-01
   5.5257452e-01
   5.5790169e-01
   5.6319614e-01
   5.6859676e-01
   5.7362122e-01
   5.7860719e-01
   5.8359964e-01
   5.8880298e-01
   5.9371795e-01
   5.9856588e-01
   6.0351628e-01
   6.0869485e-01
   6.1344854e-01
   6.1812300e-01
   6.2283376e-01
   6.2777033e-01
   6.3224862e-01
   6.3668163e-01
   6.4117872e-01
   6.4596391e-01
   6.5017949e-01
   6.5438626e-01
   6.5872966e-01
   6.6342823e-01
   6.6753273e-01
   6.7164155e-01
   6.7596967e-01
   6.8075822e-01
   6.8501286e-01
   6.8938552e-01
   6.9404093e-01
   6.9925057e-01
   7.0383086e-01
   7.0853324e-01
   7.1344231e-01
   7.1886158e-01
   7.2355952e-01
   7.2825803e-01
   7.3310098e-01
   7.3839749e-01
   7.4284908e-01
   7.4728649e-01
   7.5191658e-01
   7.5704124e-01
   7.6133721e-01
   7.6566231e-01
   7.7019621e-01
   7.7534510e-01
   7.7979685e-01
   7.8438900e-01
   7.8930820e-01
   7.9488114e-01
   7.9975859e-01
   8.0474914e-01
   8.1003926e-01
   8.1589596e-01
   8.2093959e-01
   8.2600449e-01
   8.3120729e-01
   8.3687578e-01
   8.4166473e-01
   8.4639382e-01
   8.5125654e-01
   8.5658134e-01
   8.6114616e-01
   8.6579416e-01
   8.7070815e-01
   8.7619567e-01
   8.8108873e-01
   8.8617154e-01
   8.9151616e-01
   8.9743502e-01
   9.0272830e-01
   9.0815073e-01
   9.1373379e-01
   9.1967059e-01
   9.2490669e-01
   9.3009411e-01
   9.3532073e-01
   9.4079347e-01
   9.4563280e-01
   9.5041453e-01
   9.5522916e-01
   9.6027543e-01
   9.6472377e-01
   9.6910523e-01
   9.7335482e-01
   9.7758010e-01
   9.8108741e-01
   9.8428203e-01
   9.8719089e-01
   9.8990260e-01
   9.9196242e-01
   9.9369633e-01
   9.9515679e-01
