   2.3418925e-02
   2.9036826e-02
   2.9392148e-02
   2.9708942e-02
   3.0078164e-02
   3.0525276e-02
   3.1013842e-02
   3.1645466e-02
   3.2358187e-02
   3.3249660e-02
   3.4567647e-02
   3.6479485e-02
   3.8633109e-02
   4.0981127e-02
   4.3254931e-02
   4.4133237e-02
   4.4663987e-02
   4.5101570e-02
   4.5511435e-02
   4.5964501e-02
   4.6421611e-02
   4.6928480e-02
   4.7517444e-02
   4.8150104e-02
   4.8877234e-02
   4.9655915e-02
   5.0513844e-02
   5.1718005e-02
   5.3491429e-02
   5.5222528e-02
   5.7028318e-02
   5.9013809e-02
   6.1630138e-02
   6.3551786e-02
   6.4897282e-02
   6.5955020e-02
   6.6952943e-02
   6.8075701e-02
   6.9271740e-02
   7.0470476e-02
   7.1799308e-02
   7.3442932e-02
   7.6132755e-02
   7.9498884e-02
   8.2981690e-02
   8.5798160e-02
   8.7750433e-02
   8.9074656e-02
   9.0397542e-02
   9.1954435e-02
   9.4318642e-02
   9.7902365e-02
   1.0187990e-01
   1.0595698e-01
   1.0891680e-01
   1.1126026e-01
   1.1416572e-01
   1.1741253e-01
   1.2146298e-01
   1.2638547e-01
   1.3096686e-01
   1.3492362e-01
   1.3933327e-01
   1.4407609e-01
   1.4904877e-01
   1.5438154e-01
   1.5964549e-01
   1.6521561e-01
   1.7129676e-01
   1.7770223e-01
   1.8411253e-01
   1.9055295e-01
   1.9734381e-01
   2.0443668e-01
   2.1145195e-01
   2.1810675e-01
   2.2499089e-01
   2.3223568e-01
   2.3947468e-01
   2.4664022e-01
   2.5392623e-01
   2.6142604e-01
   2.6904696e-01
   2.7668094e-01
   2.8429160e-01
   2.9192564e-01
   2.9972929e-01
   3.0745800e-01
   3.1518728e-01
   3.2275488e-01
   3.3025129e-01
   3.3758253e-01
   3.4488364e-01
   3.5207400e-01
   3.5912418e-01
   3.6605908e-01
   3.7292345e-01
   3.7966575e-01
   3.8625646e-01
   3.9272757e-01
   3.9909922e-01
   4.0528654e-01
   4.1139079e-01
   4.1748331e-01
   4.2342994e-01
   4.2928673e-01
   4.3501510e-01
   4.4064300e-01
   4.4626405e-01
   4.5179772e-01
   4.5726406e-01
   4.6266097e-01
   4.6797655e-01
   4.7322870e-01
   4.7845875e-01
   4.8366910e-01
   4.8875305e-01
   4.9381102e-01
   4.9883226e-01
   5.0385302e-01
   5.0886100e-01
   5.1390463e-01
   5.1886858e-01
   5.2382757e-01
   5.2879287e-01
   5.3381057e-01
   5.3883569e-01
   5.4389920e-01
   5.4898749e-01
   5.5409506e-01
   5.5925667e-01
   5.6438550e-01
   5.6956577e-01
   5.7479786e-01
   5.8002717e-01
   5.8527596e-01
   5.9059003e-01
   5.9590731e-01
   6.0129073e-01
   6.0675472e-01
   6.1225407e-01
   6.1787244e-01
   6.2354457e-01
   6.2932612e-01
   6.3521736e-01
   6.4120920e-01
   6.4742797e-01
   6.5376203e-01
   6.6026254e-01
   6.6707440e-01
   6.7414185e-01
   6.8160321e-01
   6.8931729e-01
   6.9749356e-01
   7.0566139e-01
   7.1384297e-01
   7.2198537e-01
   7.3028560e-01
   7.3843850e-01
   7.4662804e-01
   7.5477456e-01
   7.6294853e-01
   7.7118004e-01
   7.7943634e-01
   7.8774271e-01
   7.9606131e-01
   8.0450036e-01
   8.1295155e-01
   8.2155552e-01
   8.3020074e-01
   8.3905793e-01
   8.4810811e-01
   8.5736471e-01
   8.6704435e-01
   8.7825135e-01
   8.9255778e-01
   9.0937106e-01
   9.2721414e-01
   9.4303512e-01
   9.5416464e-01
   9.6313592e-01
   9.6949767e-01
   9.7503237e-01
   9.7921983e-01
   9.8200473e-01
   9.8460852e-01
   9.8676695e-01
   9.8821301e-01
   9.8956656e-01
   9.9072223e-01
   9.9190771e-01
   9.9267685e-01
   9.9347864e-01
   9.9419389e-01
   9.9494780e-01
   9.9594960e-01
   9.9698714e-01
   9.9812116e-01
   9.9949816e-01
   1.0000000e+00
