   5.1073213e-19
   3.5083214e-08
   2.0678677e-07
   4.8653292e-07
   8.7072064e-07
   1.3630461e-06
   1.9725321e-06
   2.7117440e-06
   3.5948665e-06
   4.6389652e-06
   5.8641423e-06
   7.2952719e-06
   8.9639375e-06
   1.0910230e-05
   1.3183469e-05
   1.5852147e-05
   1.9012496e-05
   2.2796443e-05
   2.7380235e-05
   3.3010201e-05
   4.0053527e-05
   4.9022499e-05
   6.0584228e-05
   7.5477984e-05
   9.4354273e-05
   1.1765550e-04
   1.4561723e-04
   1.7834961e-04
   2.1587690e-04
   2.5821114e-04
   3.0536222e-04
   3.5730698e-04
   4.1402813e-04
   4.7552040e-04
   5.4177395e-04
   6.1279611e-04
   6.8857899e-04
   7.6912385e-04
   8.5440128e-04
   9.4445323e-04
   1.0392970e-03
   1.1389977e-03
   1.2435851e-03
   1.3530596e-03
   1.4674546e-03
   1.5868220e-03
   1.7111668e-03
   1.8405616e-03
   1.9750428e-03
   2.1146574e-03
   2.2594931e-03
   2.4095690e-03
   2.5649371e-03
   2.7256391e-03
   2.8917782e-03
   3.0634220e-03
   3.2406217e-03
   3.4234107e-03
   3.6118878e-03
   3.8061547e-03
   4.0062634e-03
   4.2123041e-03
   4.4243576e-03
   4.6424592e-03
   4.8667696e-03
   5.0973522e-03
   5.3343175e-03
   5.5777775e-03
   5.8277923e-03
   6.0844822e-03
   6.3479869e-03
   6.6183801e-03
   6.8958093e-03
   7.1804237e-03
   7.4723540e-03
   7.7717113e-03
   8.0786694e-03
   8.3933669e-03
   8.7159416e-03
   9.0465303e-03
   9.3852615e-03
   9.7323191e-03
   1.0087914e-02
   1.0452232e-02
   1.0825424e-02
   1.1207689e-02
   1.1599199e-02
   1.2000236e-02
   1.2410972e-02
   1.2831632e-02
   1.3262406e-02
   1.3703527e-02
   1.4155331e-02
   1.4618053e-02
   1.5091916e-02
   1.5577225e-02
   1.6074296e-02
   1.6583422e-02
   1.7104850e-02
   1.7638979e-02
   1.8186115e-02
   1.8746642e-02
   1.9321010e-02
   1.9909526e-02
   2.0512620e-02
   2.1130722e-02
   2.1764255e-02
   2.2413614e-02
   2.3079270e-02
   2.3761811e-02
   2.4461908e-02
   2.5180184e-02
   2.5917193e-02
   2.6673743e-02
   2.7450176e-02
   2.8247203e-02
   2.9065692e-02
   2.9906404e-02
   3.0770273e-02
   3.1658312e-02
   3.2571452e-02
   3.3510519e-02
   3.4476623e-02
   3.5470901e-02
   3.6494495e-02
   3.7548768e-02
   3.8635249e-02
   3.9755475e-02
   4.0910629e-02
   4.2102358e-02
   4.3332580e-02
   4.4603174e-02
   4.5915860e-02
   4.7272930e-02
   4.8676559e-02
   5.0129299e-02
   5.1633726e-02
   5.3192920e-02
   5.4809573e-02
   5.6486414e-02
   5.8226708e-02
   6.0034268e-02
   6.1913066e-02
   6.3866915e-02
   6.5900123e-02
   6.8017486e-02
   7.0223624e-02
   7.2523368e-02
   7.4922350e-02
   7.7426518e-02
   8.0043108e-02
   8.2777666e-02
   8.5637179e-02
   8.8629710e-02
   9.1762388e-02
   9.5044869e-02
   9.8485464e-02
   1.0209365e-01
   1.0587706e-01
   1.0984711e-01
   1.1401518e-01
   1.1839313e-01
   1.2299341e-01
   1.2783059e-01
   1.3291825e-01
   1.3826838e-01
   1.4389667e-01
   1.4982117e-01
   1.5605784e-01
   1.6262355e-01
   1.6954073e-01
   1.7682953e-01
   1.8451534e-01
   1.9261907e-01
   2.0116852e-01
   2.1019252e-01
   2.1971999e-01
   2.2978507e-01
   2.4042094e-01
   2.5167514e-01
   2.6359446e-01
   2.7623979e-01
   2.8966466e-01
   3.0394018e-01
   3.1913504e-01
   3.3534006e-01
   3.5266244e-01
   3.7122014e-01
   3.9114236e-01
   4.1261283e-01
   4.3582246e-01
   4.6102931e-01
   4.8855039e-01
   5.1879500e-01
   5.5232438e-01
   5.8997714e-01
   6.3294178e-01
   6.8317616e-01
   7.4433404e-01
   8.2551729e-01
   1.0000000e+00
