   7.1277506e-01
   7.1326493e-01
   7.0961597e-01
   7.0262835e-01
   7.0099694e-01
   6.9608616e-01
   6.9463667e-01
   6.8927779e-01
   6.8861439e-01
   6.9046267e-01
   6.9278397e-01
   6.9064409e-01
   6.9094948e-01
   6.9049959e-01
   6.9074807e-01
   6.9222647e-01
   6.9284329e-01
   6.9424214e-01
   6.9392232e-01
   6.9138334e-01
   6.9570436e-01
   6.9800367e-01
   6.9734674e-01
   6.9799232e-01
   6.9646078e-01
   7.0091003e-01
   7.0038007e-01
   6.9983317e-01
   7.0257202e-01
   7.0082363e-01
   7.0326294e-01
   7.0297767e-01
   7.0536744e-01
   7.0339136e-01
   7.0601477e-01
   7.0564915e-01
   7.0496371e-01
   7.0542346e-01
   7.0391501e-01
   7.0738512e-01
   7.0848043e-01
   7.0900114e-01
   7.1061220e-01
   7.1015240e-01
   7.1131537e-01
   7.1471276e-01
   7.1262954e-01
   7.1411783e-01
   7.1308670e-01
   7.1277650e-01
   7.1316359e-01
   7.1576431e-01
   7.1424957e-01
   7.1588385e-01
   7.1651748e-01
   7.1745934e-01
   7.1554618e-01
   7.1768048e-01
   7.1505544e-01
   7.1520278e-01
   7.1404031e-01
   7.1614239e-01
   7.1793657e-01
   7.1874412e-01
   7.2016745e-01
   7.2035033e-01
   7.1915315e-01
   7.1876823e-01
   7.2070516e-01
   7.2117604e-01
   7.2257503e-01
   7.2109881e-01
   7.2090162e-01
   7.2247022e-01
   7.2087797e-01
   7.2055769e-01
   7.2037131e-01
   7.2256556e-01
   7.1927916e-01
   7.1875351e-01
   7.1824535e-01
   7.1828354e-01
   7.1712206e-01
   7.1843038e-01
   7.1695199e-01
   7.1838223e-01
   7.2016006e-01
   7.2026411e-01
   7.2244945e-01
   7.2210041e-01
   7.2048116e-01
   7.1993550e-01
   7.1944852e-01
   7.1830786e-01
   7.2008641e-01
   7.2038774e-01
   7.2183491e-01
   7.2041484e-01
   7.2042259e-01
   7.2027252e-01
   7.2109831e-01
   7.2191927e-01
   7.2088616e-01
   7.2196107e-01
   7.2123827e-01
   7.2281656e-01
   7.2145238e-01
   7.1943856e-01
   7.1955558e-01
   7.2120373e-01
   7.1942300e-01
   7.1720112e-01
   7.1753285e-01
   7.1942216e-01
   7.1929995e-01
   7.1797191e-01
   7.1617231e-01
   7.1733577e-01
   7.1851499e-01
   7.1699814e-01
   7.1478458e-01
   7.1354124e-01
   7.1221389e-01
   7.1266824e-01
   7.1312954e-01
   7.1180730e-01
   7.1170735e-01
   7.1317640e-01
   7.1271430e-01
   7.0948653e-01
   7.0912151e-01
   7.0893546e-01
   7.0729149e-01
   7.0515815e-01
   7.0402351e-01
   7.0476271e-01
   7.0498965e-01
   7.0101436e-01
   7.0033288e-01
   6.9801704e-01
   6.9629020e-01
   6.9204079e-01
   6.8989637e-01
   6.8493676e-01
   6.7468387e-01
   6.6146505e-01
   6.4957967e-01
   6.3259069e-01
   6.0929063e-01
   5.8908262e-01
   5.6138367e-01
   5.2689550e-01
   4.9293947e-01
   4.5403720e-01
   4.1802277e-01
   3.8586433e-01
   3.5539091e-01
   3.3239764e-01
   3.1263639e-01
   2.9973298e-01
   2.9283099e-01
   2.9159136e-01
   2.9539672e-01
   3.0059798e-01
   3.0795621e-01
   3.2092256e-01
   3.3574915e-01
   3.5308520e-01
   3.7371879e-01
   3.9761762e-01
   4.2517528e-01
   4.5708284e-01
   4.9355539e-01
   5.3419768e-01
   5.7839890e-01
   6.2646843e-01
   6.7660451e-01
   7.2752167e-01
   7.7635084e-01
   8.1985453e-01
   8.5721577e-01
   8.8935428e-01
   9.1689783e-01
   9.4023582e-01
   9.5907178e-01
   9.7284592e-01
   9.8188987e-01
   9.8733869e-01
   9.9035747e-01
   9.9174695e-01
   9.9231097e-01
   9.9260304e-01
   9.9282922e-01
   9.9289527e-01
   9.9292351e-01
   9.9297680e-01
   9.9310173e-01
   9.9312648e-01
   9.9315076e-01
   9.9320722e-01
   9.9334999e-01
   9.9337629e-01
   9.9339842e-01
   9.9345685e-01
   9.9361212e-01
   9.9364112e-01
   9.9366363e-01
   9.9372552e-01
   9.9388499e-01
   9.9391516e-01
   9.9393699e-01
   9.9399963e-01
   9.9416526e-01
   9.9419419e-01
   9.9421672e-01
   9.9427800e-01
   9.9444957e-01
   9.9448756e-01
   9.9451329e-01
   9.9457244e-01
   9.9475439e-01
   9.9478669e-01
   9.9481743e-01
   9.9488552e-01
   9.9508739e-01
   9.9512064e-01
   9.9514726e-01
   9.9522016e-01
   9.9543150e-01
   9.9546532e-01
   9.9549389e-01
   9.9556546e-01
   9.9578552e-01
   9.9581983e-01
   9.9584621e-01
   9.9591995e-01
   9.9614553e-01
   9.9618029e-01
   9.9620395e-01
   9.9627700e-01
   9.9650765e-01
   9.9654080e-01
   9.9656306e-01
   9.9663529e-01
   9.9686582e-01
   9.9689920e-01
   9.9691902e-01
   9.9698557e-01
   9.9721732e-01
   9.9724533e-01
   9.9726358e-01
   9.9732785e-01
   9.9755135e-01
   9.9757855e-01
   9.9759409e-01
   9.9765266e-01
   9.9786814e-01
   9.9789320e-01
   9.9790622e-01
   9.9795752e-01
   9.9816186e-01
   9.9818437e-01
   9.9819557e-01
   9.9823949e-01
   9.9843182e-01
   9.9844854e-01
   9.9845756e-01
   9.9849724e-01
   9.9867363e-01
   9.9868880e-01
   9.9869579e-01
   9.9872872e-01
   9.9888923e-01
   9.9890243e-01
   9.9890749e-01
   9.9893479e-01
   9.9907954e-01
   9.9908940e-01
   9.9909344e-01
   9.9911500e-01
   9.9923857e-01
   9.9924645e-01
   9.9924875e-01
   9.9926524e-01
   9.9936967e-01
   9.9937525e-01
   9.9937700e-01
   9.9938925e-01
   9.9947679e-01
   9.9948065e-01
   9.9948216e-01
   9.9949146e-01
   9.9956388e-01
   9.9956696e-01
   9.9956749e-01
   9.9957428e-01
   9.9963440e-01
   9.9963616e-01
   9.9963673e-01
   9.9964266e-01
