   4.3144670e-01
   4.0519594e-01
   3.8271261e-01
   3.6561100e-01
   3.5315615e-01
   3.4353001e-01
   3.3570016e-01
   3.2969926e-01
   3.2430966e-01
   3.2082814e-01
   3.1808160e-01
   3.1613074e-01
   3.1422766e-01
   3.1322554e-01
   3.1254362e-01
   3.1118959e-01
   3.1009880e-01
   3.1003558e-01
   3.0953622e-01
   3.0889541e-01
   3.0924080e-01
   3.0921308e-01
   3.0873059e-01
   3.0878262e-01
   3.0898589e-01
   3.0968198e-01
   3.1014567e-01
   3.1001043e-01
   3.1091450e-01
   3.1143364e-01
   3.1164730e-01
   3.1216678e-01
   3.1270515e-01
   3.1302387e-01
   3.1319163e-01
   3.1365496e-01
   3.1401323e-01
   3.1441890e-01
   3.1458863e-01
   3.1492463e-01
   3.1570562e-01
   3.1654466e-01
   3.1675508e-01
   3.1594406e-01
   3.1662426e-01
   3.1786763e-01
   3.1738465e-01
   3.1766496e-01
   3.1671478e-01
   3.1694467e-01
   3.1769583e-01
   3.1800804e-01
   3.1793234e-01
   3.1817321e-01
   3.1783137e-01
   3.1779366e-01
   3.1699707e-01
   3.1655541e-01
   3.1625456e-01
   3.1585688e-01
   3.1546669e-01
   3.1534406e-01
   3.1474498e-01
   3.1524505e-01
   3.1500062e-01
   3.1378821e-01
   3.1355504e-01
   3.1236112e-01
   3.1194279e-01
   3.1104707e-01
   3.1067572e-01
   3.1004316e-01
   3.0902429e-01
   3.0817206e-01
   3.0774254e-01
   3.0663497e-01
   3.0557542e-01
   3.0488195e-01
   3.0296192e-01
   3.0179255e-01
   3.0043824e-01
   2.9920117e-01
   2.9744357e-01
   2.9588373e-01
   2.9428722e-01
   2.9281807e-01
   2.9194907e-01
   2.9016190e-01
   2.8858582e-01
   2.8711070e-01
   2.8535209e-01
   2.8311707e-01
   2.8182706e-01
   2.7985750e-01
   2.7846487e-01
   2.7579496e-01
   2.7393164e-01
   2.7200520e-01
   2.6961393e-01
   2.6761577e-01
   2.6593084e-01
   2.6398419e-01
   2.6169339e-01
   2.5959576e-01
   2.5700531e-01
   2.5481380e-01
   2.5192090e-01
   2.4897633e-01
   2.4625446e-01
   2.4333963e-01
   2.4081327e-01
   2.3783920e-01
   2.3494975e-01
   2.3220419e-01
   2.2957830e-01
   2.2640823e-01
   2.2312767e-01
   2.2064107e-01
   2.1763127e-01
   2.1464011e-01
   2.1093707e-01
   2.0716662e-01
   2.0326139e-01
   1.9967935e-01
   1.9587958e-01
   1.9229144e-01
   1.8861638e-01
   1.8497939e-01
   1.8127160e-01
   1.7678071e-01
   1.7258102e-01
   1.6848599e-01
   1.6392401e-01
   1.5913062e-01
   1.5425257e-01
   1.4988632e-01
   1.4550397e-01
   1.4071813e-01
   1.3673053e-01
   1.3261504e-01
   1.2852386e-01
   1.2458947e-01
   1.2099358e-01
   1.1758448e-01
   1.1423332e-01
   1.1078572e-01
   1.0768431e-01
   1.0545191e-01
   1.0331577e-01
   1.0183271e-01
   1.0068183e-01
   9.9541182e-02
   9.8371598e-02
   9.7834424e-02
   9.7436073e-02
   9.7229793e-02
   9.7073195e-02
   9.7189259e-02
   9.7353597e-02
   9.7663464e-02
   9.8076624e-02
   9.8490837e-02
   9.9058322e-02
   9.9630682e-02
   9.9887369e-02
   1.0124008e-01
   1.0267301e-01
   1.0419432e-01
   1.0581446e-01
   1.0751402e-01
   1.0932870e-01
   1.1127363e-01
   1.1336209e-01
   1.1558267e-01
   1.1798375e-01
   1.2058463e-01
   1.2343018e-01
   1.2651272e-01
   1.2987088e-01
   1.3356573e-01
   1.3756503e-01
   1.4182893e-01
   1.4643901e-01
   1.5141267e-01
   1.5679340e-01
   1.6249544e-01
   1.6862118e-01
   1.7523562e-01
   1.8236188e-01
   1.8975909e-01
   1.9754204e-01
   2.0570636e-01
   2.1418882e-01
   2.2278814e-01
   2.3148865e-01
   2.4025438e-01
   2.4913779e-01
   2.5794374e-01
   2.6675937e-01
   2.7567268e-01
   2.8462779e-01
   2.9334770e-01
   3.0200403e-01
   3.1063719e-01
   3.1925937e-01
   3.2742688e-01
   3.3548251e-01
   3.4343194e-01
   3.5141648e-01
   3.5890134e-01
   3.6632071e-01
   3.7370887e-01
   3.8116676e-01
   3.8814885e-01
   3.9502861e-01
   4.0196865e-01
   4.0912604e-01
   4.1583439e-01
   4.2253361e-01
   4.2934810e-01
   4.3645612e-01
   4.4304368e-01
   4.4962553e-01
   4.5636529e-01
   4.6351059e-01
   4.7003469e-01
   4.7658954e-01
   4.8335871e-01
   4.9059158e-01
   4.9707400e-01
   5.0354584e-01
   5.1024070e-01
   5.1743981e-01
   5.2388315e-01
   5.3042724e-01
   5.3724371e-01
   5.4464222e-01
   5.5119650e-01
   5.5777472e-01
   5.6462026e-01
   5.7208600e-01
   5.7863548e-01
   5.8526963e-01
   5.9220230e-01
   5.9977411e-01
   6.0639515e-01
   6.1310337e-01
   6.2007954e-01
   6.2774662e-01
   6.3443453e-01
   6.4121656e-01
   6.4836772e-01
   6.5624688e-01
   6.6313697e-01
   6.7012135e-01
   6.7748288e-01
   6.8558754e-01
   6.9258250e-01
   6.9965173e-01
   7.0703438e-01
   7.1509597e-01
   7.2217086e-01
   7.2935071e-01
   7.3686238e-01
   7.4505419e-01
   7.5224407e-01
   7.5956486e-01
   7.6721499e-01
   7.7557741e-01
   7.8296854e-01
   7.9048143e-01
   7.9827953e-01
   8.0670346e-01
   8.1418477e-01
   8.2181939e-01
   8.2977308e-01
   8.3833476e-01
   8.4602325e-01
   8.5380727e-01
   8.6182772e-01
   8.7036607e-01
   8.7800495e-01
   8.8574251e-01
   8.9368907e-01
   9.0207069e-01
   9.0966437e-01
   9.1722881e-01
   9.2488214e-01
   9.3272694e-01
   9.3968204e-01
   9.4641141e-01
   9.5295928e-01
   9.5943697e-01
   9.6501048e-01
   9.7021589e-01
   9.7507407e-01
   9.7970749e-01
   9.8341016e-01
   9.8664808e-01
   9.8945037e-01
