   2.4832946e-17
   4.9757728e-07
   3.6687872e-06
   2.2326730e-05
   7.0511550e-05
   1.4755456e-04
   2.5044928e-04
   3.7622600e-04
   5.2362755e-04
   6.9153196e-04
   8.7879418e-04
   1.0849579e-03
   1.3095576e-03
   1.5523888e-03
   1.8128891e-03
   2.0904411e-03
   2.3849869e-03
   2.6959630e-03
   3.0234899e-03
   3.3674408e-03
   3.7278326e-03
   4.1044508e-03
   4.4975108e-03
   4.9066737e-03
   5.3320036e-03
   5.7739494e-03
   6.2323801e-03
   6.7072969e-03
   7.1985442e-03
   7.7062559e-03
   8.2300640e-03
   8.7704566e-03
   9.3274387e-03
   9.9010351e-03
   1.0491385e-02
   1.1098343e-02
   1.1722249e-02
   1.2362608e-02
   1.3019760e-02
   1.3693353e-02
   1.4383721e-02
   1.5090261e-02
   1.5813440e-02
   1.6553323e-02
   1.7309993e-02
   1.8083387e-02
   1.8874471e-02
   1.9682185e-02
   2.0507102e-02
   2.1349779e-02
   2.2210124e-02
   2.3088394e-02
   2.3985165e-02
   2.4901278e-02
   2.5835808e-02
   2.6789370e-02
   2.7761921e-02
   2.8753209e-02
   2.9764021e-02
   3.0794861e-02
   3.1845975e-02
   3.2917469e-02
   3.4009609e-02
   3.5122411e-02
   3.6255803e-02
   3.7410400e-02
   3.8585868e-02
   3.9783134e-02
   4.1002142e-02
   4.2242707e-02
   4.3505574e-02
   4.4791350e-02
   4.6100554e-02
   4.7432778e-02
   4.8788262e-02
   5.0168158e-02
   5.1572872e-02
   5.3002710e-02
   5.4458306e-02
   5.5939239e-02
   5.7446865e-02
   5.8981809e-02
   6.0543912e-02
   6.2133770e-02
   6.3752153e-02
   6.5398883e-02
   6.7074869e-02
   6.8780058e-02
   7.0515273e-02
   7.2281079e-02
   7.4077594e-02
   7.5905508e-02
   7.7764352e-02
   7.9655258e-02
   8.1579064e-02
   8.3536380e-02
   8.5527080e-02
   8.7551360e-02
   8.9611355e-02
   9.1706634e-02
   9.3837658e-02
   9.6004393e-02
   9.8207609e-02
   1.0044708e-01
   1.0272369e-01
   1.0504040e-01
   1.0739626e-01
   1.0979172e-01
   1.1222855e-01
   1.1470625e-01
   1.1722551e-01
   1.1978585e-01
   1.2239007e-01
   1.2503779e-01
   1.2773131e-01
   1.3047138e-01
   1.3325696e-01
   1.3609132e-01
   1.3897461e-01
   1.4190925e-01
   1.4489607e-01
   1.4793621e-01
   1.5102989e-01
   1.5417932e-01
   1.5738461e-01
   1.6064787e-01
   1.6397043e-01
   1.6735237e-01
   1.7079570e-01
   1.7430203e-01
   1.7787155e-01
   1.8150595e-01
   1.8520595e-01
   1.8897311e-01
   1.9280833e-01
   1.9671460e-01
   2.0069366e-01
   2.0474774e-01
   2.0887801e-01
   2.1308699e-01
   2.1737390e-01
   2.2174466e-01
   2.2619952e-01
   2.3074194e-01
   2.3537393e-01
   2.4009646e-01
   2.4491117e-01
   2.4981921e-01
   2.5482152e-01
   2.5992539e-01
   2.6513333e-01
   2.7045170e-01
   2.7588205e-01
   2.8142870e-01
   2.8709495e-01
   2.9288818e-01
   2.9881423e-01
   3.0487535e-01
   3.1107494e-01
   3.1741994e-01
   3.2391420e-01
   3.3056486e-01
   3.3737497e-01
   3.4435008e-01
   3.5149738e-01
   3.5882359e-01
   3.6634084e-01
   3.7405113e-01
   3.8196346e-01
   3.9008922e-01
   3.9843678e-01
   4.0701487e-01
   4.1583926e-01
   4.2492564e-01
   4.3429171e-01
   4.4395598e-01
   4.5393030e-01
   4.6423828e-01
   4.7488853e-01
   4.8589775e-01
   4.9730005e-01
   5.0912829e-01
   5.2140781e-01
   5.3416778e-01
   5.4745269e-01
   5.6131958e-01
   5.7581510e-01
   5.9100548e-01
   6.0697520e-01
   6.2379458e-01
   6.4157667e-01
   6.6046558e-01
   6.8066259e-01
   7.0234108e-01
   7.2578773e-01
   7.5143353e-01
   7.7993048e-01
   8.1253383e-01
   8.5148550e-01
   9.0132036e-01
   1.0000000e+00
