   6.4217144e-01
   6.3220969e-01
   6.1999617e-01
   6.0568446e-01
   5.9856381e-01
   5.8952738e-01
   5.8510288e-01
   5.7689283e-01
   5.7374692e-01
   5.7322326e-01
   5.7410593e-01
   5.7118585e-01
   5.7082052e-01
   5.7025474e-01
   5.6930205e-01
   5.7007060e-01
   5.7107280e-01
   5.7346114e-01
   5.7272701e-01
   5.7054007e-01
   5.7461353e-01
   5.7672666e-01
   5.7751478e-01
   5.7798893e-01
   5.7601674e-01
   5.8053735e-01
   5.8115762e-01
   5.8082638e-01
   5.8438656e-01
   5.8301545e-01
   5.8589663e-01
   5.8568893e-01
   5.8817024e-01
   5.8666041e-01
   5.8913842e-01
   5.8958084e-01
   5.8958736e-01
   5.9067823e-01
   5.8876159e-01
   5.9191176e-01
   5.9263203e-01
   5.9285738e-01
   5.9558796e-01
   5.9653358e-01
   5.9802854e-01
   6.0148600e-01
   5.9905216e-01
   6.0106887e-01
   6.0000604e-01
   6.0051605e-01
   6.0130005e-01
   6.0441423e-01
   6.0265177e-01
   6.0430446e-01
   6.0562701e-01
   6.0701845e-01
   6.0456645e-01
   6.0633834e-01
   6.0367510e-01
   6.0372773e-01
   6.0262558e-01
   6.0413775e-01
   6.0630963e-01
   6.0714318e-01
   6.0815200e-01
   6.0836492e-01
   6.0761524e-01
   6.0735017e-01
   6.0909040e-01
   6.0894252e-01
   6.1091792e-01
   6.0960788e-01
   6.0867197e-01
   6.0984261e-01
   6.0824339e-01
   6.0788560e-01
   6.0774715e-01
   6.0964986e-01
   6.0596928e-01
   6.0536369e-01
   6.0483529e-01
   6.0422100e-01
   6.0271962e-01
   6.0364936e-01
   6.0161833e-01
   6.0267135e-01
   6.0353684e-01
   6.0352806e-01
   6.0537782e-01
   6.0524104e-01
   6.0352885e-01
   6.0254358e-01
   6.0193471e-01
   6.0003525e-01
   6.0197042e-01
   6.0032665e-01
   6.0215213e-01
   5.9990714e-01
   5.9979001e-01
   5.9894227e-01
   5.9967574e-01
   6.0024384e-01
   5.9830799e-01
   5.9904061e-01
   5.9705201e-01
   5.9849162e-01
   5.9727120e-01
   5.9360125e-01
   5.9261270e-01
   5.9238799e-01
   5.9122392e-01
   5.8816302e-01
   5.8650443e-01
   5.8715406e-01
   5.8628764e-01
   5.8383505e-01
   5.8087615e-01
   5.8075182e-01
   5.7993627e-01
   5.7780022e-01
   5.7294089e-01
   5.6928560e-01
   5.6466904e-01
   5.6227586e-01
   5.5905227e-01
   5.5417470e-01
   5.5007033e-01
   5.4634402e-01
   5.4065486e-01
   5.3101772e-01
   5.2318524e-01
   5.1443145e-01
   5.0310598e-01
   4.8998160e-01
   4.7564220e-01
   4.6245314e-01
   4.4807775e-01
   4.2938771e-01
   4.1199344e-01
   3.9277867e-01
   3.7394690e-01
   3.5224708e-01
   3.3558442e-01
   3.1896663e-01
   2.9851694e-01
   2.7643105e-01
   2.5692734e-01
   2.4376421e-01
   2.2814492e-01
   2.1904401e-01
   2.1091009e-01
   2.0159251e-01
   1.9266108e-01
   1.8755817e-01
   1.8406537e-01
   1.8092150e-01
   1.7837110e-01
   1.7806857e-01
   1.7757207e-01
   1.7809141e-01
   1.7916529e-01
   1.8043985e-01
   1.8257644e-01
   1.8478796e-01
   1.8646688e-01
   1.9045375e-01
   1.9479971e-01
   1.9954640e-01
   2.0476230e-01
   2.1041931e-01
   2.1661398e-01
   2.2341702e-01
   2.3093185e-01
   2.3919243e-01
   2.4842259e-01
   2.5865911e-01
   2.7019733e-01
   2.8303815e-01
   2.9747941e-01
   3.1368816e-01
   3.3140276e-01
   3.5045445e-01
   3.7104307e-01
   3.9309452e-01
   4.1699377e-01
   4.4244088e-01
   4.6968340e-01
   4.9922363e-01
   5.3127613e-01
   5.6439775e-01
   5.9854780e-01
   6.3379783e-01
   6.6880585e-01
   7.0240106e-01
   7.3416776e-01
   7.6387543e-01
   7.9211065e-01
   8.1785547e-01
   8.4163815e-01
   8.6366822e-01
   8.8374684e-01
   9.0076006e-01
   9.1555877e-01
   9.2836172e-01
   9.3948240e-01
   9.4783124e-01
   9.5432060e-01
   9.5944348e-01
   9.6388267e-01
   9.6658432e-01
   9.6863182e-01
   9.7037572e-01
   9.7227551e-01
   9.7310322e-01
   9.7374376e-01
   9.7448999e-01
   9.7570459e-01
   9.7611952e-01
   9.7644516e-01
   9.7692395e-01
   9.7799795e-01
   9.7828054e-01
   9.7856232e-01
   9.7904600e-01
   9.8016551e-01
   9.8044093e-01
   9.8069194e-01
   9.8117006e-01
   9.8228181e-01
   9.8254269e-01
   9.8278457e-01
   9.8323385e-01
   9.8432582e-01
   9.8457047e-01
   9.8478625e-01
   9.8521597e-01
   9.8627340e-01
   9.8650079e-01
   9.8668897e-01
   9.8708752e-01
   9.8810444e-01
   9.8830804e-01
   9.8847311e-01
   9.8884072e-01
   9.8979851e-01
   9.8998412e-01
   9.9012450e-01
   9.9044596e-01
   9.9134750e-01
   9.9150023e-01
   9.9161827e-01
   9.9190662e-01
   9.9272691e-01
   9.9286078e-01
   9.9295671e-01
   9.9320411e-01
   9.9394777e-01
   9.9406192e-01
   9.9413837e-01
   9.9434400e-01
   9.9500786e-01
   9.9510310e-01
   9.9516420e-01
   9.9533193e-01
   9.9592064e-01
   9.9599127e-01
   9.9603730e-01
   9.9617874e-01
   9.9669028e-01
   9.9674897e-01
   9.9678353e-01
   9.9689568e-01
   9.9733679e-01
   9.9738433e-01
   9.9740918e-01
   9.9749780e-01
   9.9787568e-01
   9.9791053e-01
   9.9792862e-01
   9.9799548e-01
   9.9830323e-01
   9.9832962e-01
   9.9834088e-01
   9.9839006e-01
   9.9863920e-01
   9.9865770e-01
   9.9866564e-01
   9.9870122e-01
   9.9890215e-01
   9.9891500e-01
   9.9892095e-01
   9.9894722e-01
   9.9910792e-01
   9.9911765e-01
   9.9912071e-01
   9.9913948e-01
   9.9926885e-01
   9.9927494e-01
   9.9927747e-01
   9.9929339e-01
