   5.2516941e-02
   3.2992790e-02
   3.0514460e-02
   2.9041516e-02
   2.8412943e-02
   2.8019868e-02
   2.7826884e-02
   2.7646289e-02
   2.7475809e-02
   2.7317422e-02
   2.7175067e-02
   2.7039817e-02
   2.6911672e-02
   2.6794820e-02
   2.6684583e-02
   2.6580617e-02
   2.6483802e-02
   2.6392760e-02
   2.6309899e-02
   2.6234877e-02
   2.6167298e-02
   2.6102857e-02
   2.6043039e-02
   2.5989838e-02
   2.5943872e-02
   2.5904855e-02
   2.5869509e-02
   2.5840631e-02
   2.5814570e-02
   2.5794943e-02
   2.5777871e-02
   2.5767772e-02
   2.5760491e-02
   2.5758634e-02
   2.5758494e-02
   2.5762416e-02
   2.5769431e-02
   2.5781181e-02
   2.5797036e-02
   2.5817194e-02
   2.5840491e-02
   2.5867140e-02
   2.5897285e-02
   2.5930575e-02
   2.5967926e-02
   2.6007402e-02
   2.6050184e-02
   2.6096297e-02
   2.6144775e-02
   2.6195485e-02
   2.6249573e-02
   2.6306262e-02
   2.6365138e-02
   2.6426692e-02
   2.6491644e-02
   2.6558307e-02
   2.6627933e-02
   2.6699411e-02
   2.6773759e-02
   2.6850826e-02
   2.6930133e-02
   2.7011098e-02
   2.7094363e-02
   2.7181016e-02
   2.7269967e-02
   2.7360165e-02
   2.7452774e-02
   2.7547755e-02
   2.7645431e-02
   2.7744393e-02
   2.7845865e-02
   2.7949432e-02
   2.8055011e-02
   2.8162304e-02
   2.8271877e-02
   2.8383834e-02
   2.8497900e-02
   2.8612918e-02
   2.8730065e-02
   2.8849917e-02
   2.8971521e-02
   2.9094124e-02
   2.9219035e-02
   2.9345992e-02
   2.9475022e-02
   2.9604789e-02
   2.9736715e-02
   2.9870743e-02
   3.0006838e-02
   3.0143556e-02
   3.0282462e-02
   3.0423260e-02
   3.0566062e-02
   3.0709553e-02
   3.0855139e-02
   3.1002787e-02
   3.1152066e-02
   3.1301913e-02
   3.1453693e-02
   3.1607462e-02
   3.1763493e-02
   3.1919570e-02
   3.2077519e-02
   3.2237568e-02
   3.2399423e-02
   3.2561284e-02
   3.2725239e-02
   3.2891237e-02
   3.3059160e-02
   3.3227104e-02
   3.3396970e-02
   3.3568877e-02
   3.3742648e-02
   3.3916577e-02
   3.4092459e-02
   3.4270384e-02
   3.4450412e-02
   3.4630586e-02
   3.4812619e-02
   3.4996890e-02
   3.5183036e-02
   3.5369059e-02
   3.5557093e-02
   3.5747272e-02
   3.5939312e-02
   3.6130933e-02
   3.6324691e-02
   3.6520255e-02
   3.6717935e-02
   3.6914794e-02
   3.7113676e-02
   3.7314653e-02
   3.7518014e-02
   3.7719642e-02
   3.7923472e-02
   3.8129410e-02
   3.8337410e-02
   3.8543299e-02
   3.8751003e-02
   3.8961113e-02
   3.9173110e-02
   3.9382270e-02
   3.9593467e-02
   3.9807074e-02
   4.0022496e-02
   4.0234254e-02
   4.0448177e-02
   4.0664557e-02
   4.0882578e-02
   4.1096380e-02
   4.1312635e-02
   4.1530614e-02
   4.1751582e-02
   4.1967433e-02
   4.2185226e-02
   4.2405465e-02
   4.2628675e-02
   4.2846654e-02
   4.3067279e-02
   4.3291556e-02
   4.3519919e-02
   4.3743659e-02
   4.3972777e-02
   4.4208412e-02
   4.4433445e-02
   4.4970670e-02
   4.5520571e-02
   4.6083602e-02
   4.6660238e-02
   4.7238519e-02
   4.7830966e-02
   4.8438104e-02
   4.9060487e-02
   4.9684161e-02
   5.0323713e-02
   5.0979756e-02
   5.1652936e-02
   5.2326848e-02
   5.3018614e-02
   5.3728952e-02
   5.4458619e-02
   5.5187692e-02
   5.5936882e-02
   5.6707031e-02
   5.7499032e-02
   5.8289131e-02
   5.9101669e-02
   5.9937332e-02
   6.0796919e-02
   6.1653146e-02
   6.2534161e-02
   6.3441032e-02
   6.4374887e-02
   6.5304721e-02
   6.6261671e-02
   6.7246702e-02
   6.8261011e-02
   6.9268410e-02
   7.0306048e-02
   7.1375266e-02
   7.2477497e-02
   7.3567791e-02
   7.4692112e-02
   7.5852039e-02
   7.7049256e-02
   7.8228895e-02
   7.9446883e-02
   8.0705083e-02
   8.2005475e-02
   8.3284950e-02
   8.4607780e-02
   8.5976160e-02
   8.7392435e-02
   8.8784733e-02
   9.0226391e-02
   9.1720028e-02
   9.3268461e-02
   9.4786997e-02
   9.6361975e-02
   9.7996526e-02
   9.9693984e-02
   1.0134936e-01
   1.0306910e-01
   1.0485684e-01
   1.0671645e-01
   1.0851658e-01
   1.1038969e-01
   1.1234014e-01
   1.1437265e-01
   1.1632703e-01
   1.1836471e-01
   1.2049100e-01
   1.2271171e-01
   1.2483174e-01
   1.2704695e-01
   1.2936388e-01
   1.3178957e-01
   1.3408654e-01
   1.3649251e-01
   1.3901515e-01
   1.4166314e-01
   1.4414801e-01
   1.4675815e-01
   1.4950252e-01
   1.5239174e-01
   1.5507582e-01
   1.5790441e-01
   1.6088916e-01
   1.6404204e-01
   1.6694045e-01
   1.7000709e-01
   1.7325683e-01
   1.7670445e-01
   1.7984070e-01
   1.8317626e-01
   1.8673199e-01
   1.9052782e-01
   1.9395588e-01
   1.9762618e-01
   2.0157208e-01
   2.0582341e-01
   2.0965480e-01
   2.1379595e-01
   2.1829366e-01
   2.2319886e-01
   2.2765585e-01
   2.3252715e-01
   2.3787147e-01
   2.4376610e-01
   2.4921322e-01
   2.5525793e-01
   2.6197690e-01
   2.6948150e-01
   2.7659080e-01
   2.8459415e-01
   2.9360411e-01
   3.0378726e-01
   3.1378329e-01
   3.2514269e-01
   3.3818847e-01
   3.5304212e-01
   3.6814663e-01
   3.8540414e-01
   4.0517564e-01
   4.2780519e-01
   4.5132333e-01
   4.7775537e-01
   5.0741318e-01
   5.4008425e-01
   5.7336567e-01
   6.0893389e-01
   6.4667873e-01
   6.8583110e-01
   7.2361140e-01
   7.6112098e-01
   7.9745296e-01
   8.3202611e-01
   8.6205670e-01
   8.8912719e-01
   9.1291120e-01
