   4.5764787e-02
   5.0520589e-02
   5.1768544e-02
   5.2231649e-02
   5.2581870e-02
   5.2845765e-02
   5.3041199e-02
   5.3208329e-02
   5.3366461e-02
   5.3517087e-02
   5.3657786e-02
   5.3791862e-02
   5.3912318e-02
   5.4026454e-02
   5.4130480e-02
   5.4227766e-02
   5.4317479e-02
   5.4400279e-02
   5.4475321e-02
   5.4550883e-02
   5.4628323e-02
   5.4699234e-02
   5.4768961e-02
   5.4840798e-02
   5.4904542e-02
   5.4971246e-02
   5.5035003e-02
   5.5094621e-02
   5.5153033e-02
   5.5209739e-02
   5.5258622e-02
   5.5308342e-02
   5.5356018e-02
   5.5398587e-02
   5.5442122e-02
   5.5492666e-02
   5.5546890e-02
   5.5604924e-02
   5.5676687e-02
   5.5747767e-02
   5.5820315e-02
   5.5892851e-02
   5.5962150e-02
   5.6031330e-02
   5.6099661e-02
   5.6163416e-02
   5.6226342e-02
   5.6284479e-02
   5.6337339e-02
   5.6377557e-02
   5.6430772e-02
   5.6508971e-02
   5.6591589e-02
   5.6680418e-02
   5.6769089e-02
   5.6861461e-02
   5.6956357e-02
   5.7051818e-02
   5.7146292e-02
   5.7241819e-02
   5.7334147e-02
   5.7434398e-02
   5.7533438e-02
   5.7637037e-02
   5.7747345e-02
   5.7852506e-02
   5.7961382e-02
   5.8071185e-02
   5.8184298e-02
   5.8300170e-02
   5.8421335e-02
   5.8550071e-02
   5.8680601e-02
   5.8809957e-02
   5.8941395e-02
   5.9079319e-02
   5.9220552e-02
   5.9370280e-02
   5.9516739e-02
   5.9661983e-02
   5.9809639e-02
   5.9956565e-02
   6.0108369e-02
   6.0258729e-02
   6.0415088e-02
   6.0577621e-02
   6.0742927e-02
   6.0907219e-02
   6.1078067e-02
   6.1249164e-02
   6.1419558e-02
   6.1587334e-02
   6.1759711e-02
   6.1929030e-02
   6.2100732e-02
   6.2277381e-02
   6.2453462e-02
   6.2635150e-02
   6.2811605e-02
   6.2987008e-02
   6.3166429e-02
   6.3350555e-02
   6.3544162e-02
   6.3744957e-02
   6.3952791e-02
   6.4150586e-02
   6.4344300e-02
   6.4525681e-02
   6.4691685e-02
   6.4891296e-02
   6.5112434e-02
   6.5316514e-02
   6.5530768e-02
   6.5753456e-02
   6.5986926e-02
   6.6216893e-02
   6.6582127e-02
   6.6777120e-02
   6.7347924e-02
   6.7791980e-02
   6.8156931e-02
   6.8594027e-02
   6.9133076e-02
   6.9639686e-02
   7.0025227e-02
   7.0525645e-02
   7.1195699e-02
   7.1819857e-02
   7.2369947e-02
   7.3074137e-02
   7.3624799e-02
   7.4268321e-02
   7.4998199e-02
   7.5749986e-02
   7.6545572e-02
   7.7400331e-02
   7.8246097e-02
   7.9043685e-02
   7.9806175e-02
   8.0697746e-02
   8.1570819e-02
   8.2421486e-02
   8.3294493e-02
   8.4350836e-02
   8.5269202e-02
   8.6405147e-02
   8.7365251e-02
   8.8698887e-02
   9.0162616e-02
   9.1373197e-02
   9.2443441e-02
   9.4105511e-02
   9.5568921e-02
   9.6866739e-02
   9.8640440e-02
   1.0027442e-01
   1.0164151e-01
   1.0388868e-01
   1.0543485e-01
   1.0732400e-01
   1.0941635e-01
   1.1122396e-01
   1.1375289e-01
   1.1544215e-01
   1.1839980e-01
   1.2033571e-01
   1.2323809e-01
   1.2575967e-01
   1.2862448e-01
   1.3170978e-01
   1.3437438e-01
   1.3784100e-01
   1.4141477e-01
   1.4479148e-01
   1.4883251e-01
   1.5279811e-01
   1.5736330e-01
   1.6187763e-01
   1.6679788e-01
   1.7203940e-01
   1.7778510e-01
   1.8399398e-01
   1.9078509e-01
   1.9812807e-01
   2.0658611e-01
   2.1600055e-01
   2.2670635e-01
   2.3919463e-01
   2.5349235e-01
   2.6999311e-01
   2.8977855e-01
   3.1322450e-01
   3.4094061e-01
   3.7544238e-01
   4.1923565e-01
   4.9044446e-01
   5.8745934e-01
   7.1771188e-01
   9.2626034e-01
   9.9370444e-01
