   3.2854108e-19
   8.1853830e-08
   3.4070674e-07
   7.6436040e-07
   1.3749063e-06
   2.2104305e-06
   3.3219880e-06
   4.7793823e-06
   6.6905210e-06
   9.2208024e-06
   1.2640911e-05
   1.7401617e-05
   2.4235990e-05
   3.4213638e-05
   4.8436245e-05
   6.7633944e-05
   9.2073988e-05
   1.2180299e-04
   1.5674341e-04
   1.9683245e-04
   2.4200513e-04
   2.9218785e-04
   3.4733983e-04
   4.0742962e-04
   4.7244795e-04
   5.4238926e-04
   6.1721526e-04
   6.9693014e-04
   7.8151993e-04
   8.7103252e-04
   9.6550343e-04
   1.0649240e-03
   1.1693516e-03
   1.2788101e-03
   1.3933399e-03
   1.5129967e-03
   1.6378024e-03
   1.7677969e-03
   1.9030566e-03
   2.0436539e-03
   2.1896027e-03
   2.3409555e-03
   2.4977741e-03
   2.6601122e-03
   2.8280834e-03
   3.0017609e-03
   3.1812437e-03
   3.3666034e-03
   3.5579374e-03
   3.7553293e-03
   3.9588599e-03
   4.1685956e-03
   4.3846286e-03
   4.6070753e-03
   4.8360484e-03
   5.0717075e-03
   5.3141113e-03
   5.5634293e-03
   5.8198276e-03
   6.0834214e-03
   6.3544060e-03
   6.6328834e-03
   6.9189829e-03
   7.2128629e-03
   7.5147227e-03
   7.8248019e-03
   8.1431885e-03
   8.4701169e-03
   8.8056787e-03
   9.1500828e-03
   9.5035423e-03
   9.8662472e-03
   1.0238472e-02
   1.0620410e-02
   1.1012309e-02
   1.1414457e-02
   1.1827047e-02
   1.2250369e-02
   1.2684771e-02
   1.3130518e-02
   1.3587928e-02
   1.4057278e-02
   1.4538915e-02
   1.5033134e-02
   1.5540418e-02
   1.6061043e-02
   1.6595371e-02
   1.7143846e-02
   1.7706923e-02
   1.8285039e-02
   1.8878619e-02
   1.9488192e-02
   2.0114359e-02
   2.0757569e-02
   2.1418300e-02
   2.2097202e-02
   2.2794865e-02
   2.3511854e-02
   2.4248876e-02
   2.5006696e-02
   2.5785860e-02
   2.6587054e-02
   2.7411157e-02
   2.8259041e-02
   2.9131503e-02
   3.0029529e-02
   3.0953924e-02
   3.1905799e-02
   3.2886256e-02
   3.3896343e-02
   3.4937238e-02
   3.6010056e-02
   3.7116097e-02
   3.8256670e-02
   3.9433126e-02
   4.0646831e-02
   4.1899157e-02
   4.3191399e-02
   4.4525318e-02
   4.5902662e-02
   4.7325421e-02
   4.8795003e-02
   5.0313272e-02
   5.1882551e-02
   5.3504605e-02
   5.5181749e-02
   5.6915864e-02
   5.8709129e-02
   6.0563624e-02
   6.2481607e-02
   6.4465578e-02
   6.6518202e-02
   6.8641654e-02
   7.0838599e-02
   7.3111832e-02
   7.5464050e-02
   7.7898196e-02
   8.0417645e-02
   8.3025733e-02
   8.5724888e-02
   8.8519354e-02
   9.1412895e-02
   9.4408620e-02
   9.7510611e-02
   1.0072304e-01
   1.0405031e-01
   1.0749603e-01
   1.1106622e-01
   1.1476549e-01
   1.1859720e-01
   1.2256570e-01
   1.2667557e-01
   1.3093366e-01
   1.3534570e-01
   1.3991623e-01
   1.4465165e-01
   1.4955748e-01
   1.5464165e-01
   1.5991045e-01
   1.6537156e-01
   1.7103250e-01
   1.7690070e-01
   1.8298657e-01
   1.8929911e-01
   1.9584981e-01
   2.0265026e-01
   2.0971019e-01
   2.1704304e-01
   2.2466377e-01
   2.3258675e-01
   2.4082693e-01
   2.4940053e-01
   2.5832477e-01
   2.6762272e-01
   2.7731623e-01
   2.8742061e-01
   2.9796337e-01
   3.0897009e-01
   3.2047202e-01
   3.3250011e-01
   3.4509497e-01
   3.5829224e-01
   3.7213862e-01
   3.8669605e-01
   4.0202436e-01
   4.1819544e-01
   4.3528597e-01
   4.5337700e-01
   4.7258341e-01
   4.9304448e-01
   5.1493016e-01
   5.3843441e-01
   5.6382778e-01
   5.9147080e-01
   6.2182791e-01
   6.5552344e-01
   6.9342942e-01
   7.3709251e-01
   7.8938508e-01
   8.5787150e-01
   1.0000000e+00
