   1.7254361e-02
   2.5576300e-02
   2.5917143e-02
   2.6209411e-02
   2.6566635e-02
   2.6988734e-02
   2.7464449e-02
   2.8067305e-02
   2.8790395e-02
   2.9879868e-02
   3.1452745e-02
   3.3242620e-02
   3.4470586e-02
   3.4902956e-02
   3.5239547e-02
   3.5570316e-02
   3.5898089e-02
   3.6279841e-02
   3.6714661e-02
   3.7161999e-02
   3.7704244e-02
   3.8287812e-02
   3.8916222e-02
   3.9619456e-02
   4.0402493e-02
   4.1369106e-02
   4.2426571e-02
   4.3768060e-02
   4.4892980e-02
   4.5600023e-02
   4.6112101e-02
   4.6534739e-02
   4.6908534e-02
   4.7323508e-02
   4.7727408e-02
   4.8149956e-02
   4.8652243e-02
   4.9169784e-02
   4.9719805e-02
   5.0297795e-02
   5.0902031e-02
   5.1571100e-02
   5.2337639e-02
   5.3350331e-02
   5.4638111e-02
   5.5849497e-02
   5.7054737e-02
   5.8028209e-02
   5.8834510e-02
   5.9519903e-02
   6.0171638e-02
   6.0787572e-02
   6.1537925e-02
   6.2413228e-02
   6.3383753e-02
   6.4383629e-02
   6.5506862e-02
   6.6650472e-02
   6.7821553e-02
   6.9087496e-02
   7.0642570e-02
   7.2284640e-02
   7.3851628e-02
   7.5032655e-02
   7.6114387e-02
   7.7065129e-02
   7.8056281e-02
   7.9014532e-02
   8.0146639e-02
   8.1785916e-02
   8.3655575e-02
   8.5791763e-02
   8.7633651e-02
   8.9289278e-02
   9.0502304e-02
   9.1649761e-02
   9.2846113e-02
   9.4360892e-02
   9.6288611e-02
   9.8510260e-02
   1.0094759e-01
   1.0301876e-01
   1.0471360e-01
   1.0636649e-01
   1.0827594e-01
   1.1033833e-01
   1.1268939e-01
   1.1541716e-01
   1.1809454e-01
   1.2030889e-01
   1.2302851e-01
   1.2580076e-01
   1.2863096e-01
   1.3178384e-01
   1.3477550e-01
   1.3783756e-01
   1.4127408e-01
   1.4476113e-01
   1.4829760e-01
   1.5174928e-01
   1.5532002e-01
   1.5910819e-01
   1.6314885e-01
   1.6731728e-01
   1.7159009e-01
   1.7611146e-01
   1.8075169e-01
   1.8575215e-01
   1.9083147e-01
   1.9636941e-01
   2.0225593e-01
   2.0833257e-01
   2.1459624e-01
   2.2087860e-01
   2.2729999e-01
   2.3383773e-01
   2.4053520e-01
   2.4728691e-01
   2.5408855e-01
   2.6090744e-01
   2.6778250e-01
   2.7466101e-01
   2.8151200e-01
   2.8827469e-01
   2.9492290e-01
   3.0150571e-01
   3.0801578e-01
   3.1440058e-01
   3.2065293e-01
   3.2684385e-01
   3.3298623e-01
   3.3907665e-01
   3.4508146e-01
   3.5097694e-01
   3.5678775e-01
   3.6253106e-01
   3.6822240e-01
   3.7385896e-01
   3.7943215e-01
   3.8498656e-01
   3.9048975e-01
   3.9601203e-01
   4.0147944e-01
   4.0694589e-01
   4.1245082e-01
   4.1795650e-01
   4.2347344e-01
   4.2904322e-01
   4.3462960e-01
   4.4031473e-01
   4.4607236e-01
   4.5197556e-01
   4.5800471e-01
   4.6422165e-01
   4.7065170e-01
   4.7726811e-01
   4.8403236e-01
   4.9093653e-01
   4.9796168e-01
   5.0511856e-01
   5.1251934e-01
   5.2003420e-01
   5.2764513e-01
   5.3549047e-01
   5.4351387e-01
   5.5182036e-01
   5.6031844e-01
   5.6909214e-01
   5.7822251e-01
   5.8780773e-01
   5.9799850e-01
   6.0888054e-01
   6.2075577e-01
   6.3424554e-01
   6.4952495e-01
   6.6529612e-01
   6.8133121e-01
   6.9765997e-01
   7.1422045e-01
   7.3101985e-01
   7.4824677e-01
   7.6594335e-01
   7.8414089e-01
   8.0296294e-01
   8.2265361e-01
   8.4268598e-01
   8.6604659e-01
   8.9904886e-01
   9.3119243e-01
   9.4855316e-01
   9.5823983e-01
   9.6544704e-01
   9.7104459e-01
   9.7610757e-01
   9.8072868e-01
   9.8507919e-01
   9.8906420e-01
   9.9283237e-01
   9.9614564e-01
   9.9926654e-01
