   3.7839889e-01
   3.3534775e-01
   2.8890149e-01
   2.5916695e-01
   2.3496504e-01
   2.1413211e-01
   2.0197381e-01
   1.9153340e-01
   1.8125951e-01
   1.7127652e-01
   1.6343867e-01
   1.5583498e-01
   1.5051966e-01
   1.4755786e-01
   1.4382971e-01
   1.4001797e-01
   1.3571078e-01
   1.3365633e-01
   1.2980582e-01
   1.2673245e-01
   1.2384354e-01
   1.2248678e-01
   1.2141796e-01
   1.1933882e-01
   1.1688023e-01
   1.1620398e-01
   1.1395582e-01
   1.1212004e-01
   1.0935243e-01
   1.0673727e-01
   1.0524489e-01
   1.0177766e-01
   1.0007972e-01
   9.6956432e-02
   9.5422324e-02
   9.4685459e-02
   9.2854252e-02
   9.1134039e-02
   9.0191546e-02
   8.8415248e-02
   8.7466595e-02
   8.6730107e-02
   8.4726168e-02
   8.2508458e-02
   8.0261760e-02
   7.8828202e-02
   7.7247076e-02
   7.5188180e-02
   7.3652400e-02
   7.2563871e-02
   7.1795404e-02
   7.0924589e-02
   6.9608254e-02
   6.8926039e-02
   6.7718488e-02
   6.6184756e-02
   6.4525560e-02
   6.3332661e-02
   6.3060944e-02
   6.2307694e-02
   6.1193370e-02
   6.1025037e-02
   6.0210311e-02
   5.9270379e-02
   5.8466521e-02
   5.7844786e-02
   5.7453888e-02
   5.6872451e-02
   5.6777237e-02
   5.6794613e-02
   5.6136670e-02
   5.6106953e-02
   5.5858925e-02
   5.5527454e-02
   5.5860185e-02
   5.5571843e-02
   5.5484119e-02
   5.5492708e-02
   5.5467425e-02
   5.5437379e-02
   5.5468878e-02
   5.5604092e-02
   5.5640733e-02
   5.5702885e-02
   5.5664666e-02
   5.5726283e-02
   5.5837049e-02
   5.5934046e-02
   5.5935030e-02
   5.5965544e-02
   5.6046672e-02
   5.6128200e-02
   5.6220449e-02
   5.6311179e-02
   5.6410821e-02
   5.6508316e-02
   5.6612533e-02
   5.6718401e-02
   5.6828814e-02
   5.6940749e-02
   5.7058049e-02
   5.7175234e-02
   5.7289718e-02
   5.7410988e-02
   5.7536841e-02
   5.7660838e-02
   5.7789883e-02
   5.7916434e-02
   5.8046624e-02
   5.8172372e-02
   5.8303100e-02
   5.8434668e-02
   5.8572700e-02
   5.8711599e-02
   5.8848281e-02
   5.8988969e-02
   5.9133375e-02
   5.9270921e-02
   5.9413864e-02
   5.9556210e-02
   5.9702056e-02
   5.9843029e-02
   5.9992143e-02
   6.0139768e-02
   6.0288279e-02
   6.0434506e-02
   6.0582353e-02
   6.0736479e-02
   6.0891268e-02
   6.1039600e-02
   6.1190719e-02
   6.1349190e-02
   6.1505474e-02
   6.1659537e-02
   6.1818046e-02
   6.1979635e-02
   6.2145960e-02
   6.2301260e-02
   6.2457206e-02
   6.2621432e-02
   6.2787847e-02
   6.2948551e-02
   6.3109533e-02
   6.3268810e-02
   6.3436992e-02
   6.3594320e-02
   6.3754486e-02
   6.3918248e-02
   6.4082111e-02
   6.4238551e-02
   6.4399891e-02
   6.4560463e-02
   6.4726101e-02
   6.4886193e-02
   6.5049416e-02
   6.5219469e-02
   6.5386916e-02
   6.5550974e-02
   6.5718674e-02
   6.5897302e-02
   6.6080549e-02
   6.6259908e-02
   6.6450359e-02
   6.6656389e-02
   6.6884289e-02
   6.7478983e-02
   6.8087982e-02
   6.8711752e-02
   6.9350835e-02
   6.9987583e-02
   7.0640168e-02
   7.1309166e-02
   7.1995220e-02
   7.2677922e-02
   7.3378264e-02
   7.4096806e-02
   7.4834268e-02
   7.5567068e-02
   7.6319442e-02
   7.7092187e-02
   7.7886135e-02
   7.8672993e-02
   7.9481776e-02
   8.0313392e-02
   8.1168814e-02
   8.2014831e-02
   8.2885637e-02
   8.3781989e-02
   8.4705198e-02
   8.5617707e-02
   8.6558076e-02
   8.7527370e-02
   8.8526902e-02
   8.9514655e-02
   9.0533591e-02
   9.1585360e-02
   9.2671634e-02
   9.3743976e-02
   9.4852252e-02
   9.5998355e-02
   9.7184010e-02
   9.8349825e-02
   9.9556528e-02
   1.0080647e-01
   1.0210214e-01
   1.0337181e-01
   1.0468882e-01
   1.0605629e-01
   1.0747718e-01
   1.0887016e-01
   1.1031914e-01
   1.1182781e-01
   1.1339997e-01
   1.1494523e-01
   1.1655765e-01
   1.1824239e-01
   1.2000384e-01
   1.2173678e-01
   1.2355195e-01
   1.2545635e-01
   1.2745714e-01
   1.2942337e-01
   1.3149310e-01
   1.3367403e-01
   1.3597503e-01
   1.3823404e-01
   1.4062164e-01
   1.4315049e-01
   1.4583210e-01
   1.4847127e-01
   1.5127712e-01
   1.5426478e-01
   1.5745376e-01
   1.6060476e-01
   1.6397596e-01
   1.6758996e-01
   1.7146620e-01
   1.7531275e-01
   1.7944908e-01
   1.8391758e-01
   1.8874255e-01
   1.9358085e-01
   1.9883578e-01
   2.0458621e-01
   2.1084623e-01
   2.1722340e-01
   2.2425222e-01
   2.3198563e-01
   2.4053748e-01
   2.4935990e-01
   2.5914754e-01
   2.7002490e-01
   2.8215083e-01
   2.9475615e-01
   3.0881064e-01
   3.2445850e-01
   3.4193113e-01
   3.6028082e-01
   3.8044070e-01
   4.0291907e-01
   4.2767109e-01
   4.5330348e-01
   4.8184048e-01
   5.1296636e-01
   5.4658456e-01
   5.8043773e-01
   6.1602178e-01
   6.5289783e-01
   6.9075647e-01
   7.2634794e-01
   7.6078437e-01
   7.9482517e-01
   8.2830811e-01
   8.5701386e-01
   8.8292104e-01
   9.0614638e-01
   9.2734982e-01
   9.4350144e-01
   9.5675750e-01
   9.6760489e-01
   9.7669859e-01
   9.8233603e-01
   9.8659481e-01
   9.8990892e-01
   9.9293019e-01
   9.9439858e-01
   9.9527084e-01
   9.9586706e-01
   9.9674374e-01
   9.9694169e-01
   9.9703235e-01
   9.9716756e-01
   9.9765221e-01
   9.9771115e-01
   9.9774482e-01
   9.9781793e-01
   9.9817034e-01
   9.9819838e-01
   9.9821293e-01
   9.9826788e-01
