0.0001	0.053226463078636647
0.0050990000000000002	0.054793038633701177
0.010097999999999999	0.055464253838678909
0.015096999999999999	0.055957125339870441
0.020095999999999999	0.056371375588309999
0.025094999999999999	0.056728859344508394
0.030093999999999999	0.057017668654328515
0.035092999999999999	0.05727172521496688
0.040092000000000003	0.05747783354207546
0.045091000000000006	0.057721064512672435
0.050090000000000003	0.057988510539257278
0.055088999999999999	0.058211397565885468
0.060088000000000003	0.058489369121645124
0.065087000000000006	0.058766418555570639
0.070085999999999996	0.05902908956222732
0.075084999999999999	0.059290869024659174
0.080084000000000002	0.059562758319981007
0.085083000000000006	0.059824004603863376
0.090082000000000009	0.060081683871296247
0.095080999999999999	0.060320841863407478
0.10008	0.060545991047861715
0.10507900000000001	0.060750564431037955
0.110078	0.060928860062569236
0.115077	0.061118719964479491
0.120076	0.061310905078597856
0.12507499999999999	0.061495894652129721
0.130074	0.061671253475471248
0.135073	0.061831638368758858
0.14007199999999997	0.061968518063894806
0.14507099999999998	0.062124168898277474
0.15006999999999998	0.06228389352685703
0.15506899999999998	0.062442315248455782
0.16006799999999999	0.062612439119447347
0.16506699999999999	0.062776098175819903
0.17006599999999999	0.062943065535554482
0.175065	0.063105587407510114
0.180064	0.06327954552153596
0.18506299999999998	0.063452334415226547
0.19006199999999998	0.063630914457673812
0.19506099999999998	0.063800060223255087
0.20005999999999999	0.063977152430657838
0.20505899999999999	0.064153209850252066
0.21005799999999999	0.064331570174089817
0.215057	0.064506402136832786
0.22005599999999997	0.064686566334043197
0.22505499999999998	0.064862925762469895
0.23005399999999998	0.065044938569993882
0.23505299999999998	0.065232585005033955
0.24005199999999999	0.065424799050239013
0.24505099999999999	0.065614737331722212
0.25004999999999999	0.065811030219878344
0.25504899999999997	0.066001620220508983
0.260048	0.066201957049038127
0.26504699999999998	0.066408194772422366
0.27004600000000001	0.066608341082095082
0.27504499999999998	0.066817559379662786
0.28004399999999996	0.067025982759951641
0.28504299999999999	0.0672366728090215
0.29004199999999997	0.067453234712942692
0.295041	0.067669617008775274
0.30003999999999997	0.067890296001473976
0.305039	0.068112033450764581
0.31003799999999998	0.068337066867012436
0.31503700000000001	0.068564270599563631
0.32003599999999999	0.068793783492361718
0.32503499999999996	0.069023613769681275
0.33003399999999999	0.069257245890616825
0.33503299999999997	0.069486938002910711
0.340032	0.069732056811695406
0.34503099999999998	0.069983670773852355
0.35003000000000001	0.070236726014040629
0.35502899999999998	0.070492741013157931
0.36002800000000001	0.070752910831194324
0.36502699999999999	0.071013476438475678
0.37002599999999997	0.071273415195366868
0.375025	0.071536483638741183
0.38002399999999997	0.071811438711003664
0.385023	0.072091401495067417
0.39002199999999998	0.07238152898421174
0.39502100000000001	0.072667123814084369
0.40001999999999999	0.072958294098663487
0.40501899999999996	0.07325316447007435
0.41001799999999999	0.073553336657380397
0.41501699999999997	0.07385773459353924
0.420016	0.074176048791976978
0.42501499999999998	0.074486386287334144
0.43001400000000001	0.074814800249852265
0.43501299999999998	0.07515758810285339
0.44001199999999996	0.07549717812690078
0.44501099999999999	0.075846584997203981
0.45000999999999997	0.076200106222710604
0.455009	0.0765649577113868
0.46000799999999997	0.076950846094155451
0.465007	0.077337857911613114
0.47000599999999998	0.077740307234755265
0.47500500000000001	0.078156118501453181
0.48000399999999999	0.078593458281291467
0.48500299999999996	0.079062904826936911
0.49000199999999999	0.07954943106906226
0.49500099999999997	0.080125940871484613
0.5	0.080716354337346211
0.50499899999999998	0.081248030304595278
0.50999799999999995	0.081749341834725014
0.51499700000000004	0.082307453198601888
0.51999600000000001	0.082892966005358476
0.52499499999999999	0.083495461566590115
0.52999399999999997	0.084123380309019585
0.53499299999999994	0.084780753655150864
0.53999200000000003	0.085439840037725229
0.544991	0.086120799513704993
0.54998999999999998	0.086803189280270449
0.55498899999999995	0.08750629866712209
0.55998799999999993	0.088212164227329762
0.56498700000000002	0.08894369470537887
0.56998599999999999	0.08969924707513352
0.57498499999999997	0.090467532104326717
0.57998399999999994	0.091253453832190551
0.58498300000000003	0.092063036781293239
0.58998200000000001	0.092893084372791576
0.59498099999999998	0.093744626060497702
0.59997999999999996	0.094600868306500441
0.60497899999999993	0.095474610869679816
0.60997800000000002	0.096371881118166844
0.614977	0.097276653882499967
0.61997599999999997	0.098206192615398355
0.62497499999999995	0.099148811150606975
0.62997400000000003	0.10011334970609423
0.63497300000000001	0.10110997252400289
0.63997199999999999	0.10211014178230061
0.64497099999999996	0.10315689759845674
0.64996999999999994	0.10419708778579687
0.65496900000000002	0.10527388545354249
0.659968	0.1063649894283802
0.66496699999999997	0.10748635810436387
0.66996599999999995	0.10863533459729884
0.67496500000000004	0.10980168341161971
0.67996400000000001	0.11099582425538981
0.68496299999999999	0.11222136349090403
0.68996199999999996	0.11349581155923515
0.69496099999999994	0.11478951331607989
0.69996000000000003	0.11615493252523258
0.704959	0.11754866536105466
0.70995799999999998	0.11897389292620159
0.71495699999999995	0.12044505762916091
0.71995600000000004	0.1219954591741701
0.72495500000000002	0.1236005167152712
0.72995399999999999	0.12525905934028014
0.73495299999999997	0.12698614387597895
0.73995199999999994	0.12885002675489288
0.74495100000000003	0.13077111950833145
0.74995000000000001	0.13278191055914526
0.75494899999999998	0.13493028673188939
0.75994799999999996	0.13714262781360759
0.76494699999999993	0.13943401309794204
0.76994600000000002	0.14186617654158706
0.77494499999999999	0.14442473799499919
0.77994399999999997	0.14708612324449841
0.78494299999999995	0.1498497328386546
0.78994200000000003	0.15266888782140603
0.79494100000000001	0.15564312162197361
0.79993999999999998	0.15874770716564029
0.80493899999999996	0.16207144009279989
0.80993799999999994	0.16544279972890027
0.81493700000000002	0.1689175994163129
0.819936	0.17264181923769653
0.82493499999999997	0.17651948849168234
0.82993399999999995	0.18053344668188756
0.83493300000000004	0.18469735582396538
0.83993200000000001	0.18910491437118226
0.84493099999999999	0.19391372714296229
0.84992999999999996	0.19889636597363464
0.85492899999999994	0.20428693175905616
0.85992800000000003	0.20999136423771689
0.864927	0.21626290003485965
0.86992599999999998	0.22270415230137952
0.87492499999999995	0.22976503158601289
0.87992399999999993	0.23742116249743547
0.88492300000000002	0.24574933594238429
0.88992199999999999	0.25499254980465846
0.89492099999999997	0.26524801220583666
0.89991999999999994	0.2764258120169451
0.90491900000000003	0.28873552834812749
0.909918	0.302218171200972
0.91491699999999998	0.31705937114097832
0.91991599999999996	0.33395114035823825
0.92491499999999993	0.35247633404449979
0.92991400000000002	0.3732928790479782
0.93491299999999999	0.39757866367048517
0.93991199999999997	0.42564576719879588
0.94491099999999995	0.45976450766447319
0.94991000000000003	0.49967205487461819
0.95490900000000001	0.54699010374538848
0.95990799999999998	0.60654119048724997
0.96490699999999996	0.68929435855527854
0.96990599999999993	0.78998307424061076
0.97490500000000002	0.901965573929841
0.979904	0.95845466382120426
0.98490299999999997	0.97613604676359134
0.98990199999999995	0.98514234077527463
0.99490100000000004	0.99266430838243902
0.99990000000000001	1.0
