0.0001	0.030716396058675557
0.0050990000000000002	0.032216917395619139
0.010097999999999999	0.032699339194325001
0.015096999999999999	0.033092353543476768
0.020095999999999999	0.033469400283016572
0.025094999999999999	0.033853526346987274
0.030093999999999999	0.034283364131007799
0.035092999999999999	0.034785117629307194
0.040092000000000003	0.035379414586344922
0.045091000000000006	0.036079281992861902
0.050090000000000003	0.036895737470811887
0.055088999999999999	0.03783032744655708
0.060088000000000003	0.038884231320374558
0.065087000000000006	0.040140163991715515
0.070085999999999996	0.04195087414534051
0.075084999999999999	0.04416663923914492
0.080084000000000002	0.046782219191647482
0.085083000000000006	0.04993258122411251
0.090082000000000009	0.053714494495820497
0.095080999999999999	0.05857795048142566
0.10008	0.061805778782603731
0.10507900000000001	0.064501384406064691
0.110078	0.06661519668928273
0.115077	0.068088848753633885
0.120076	0.069555873084473682
0.12507499999999999	0.071034668447781085
0.130074	0.072559050877554127
0.135073	0.074181144425903622
0.14007199999999997	0.075908795703049259
0.14507099999999998	0.077770253387956997
0.15006999999999998	0.079835823808236936
0.15506899999999998	0.082195244217575472
0.16006799999999999	0.085203597027610739
0.16506699999999999	0.088657912722389501
0.17006599999999999	0.092857897240874718
0.175065	0.097720153211672336
0.180064	0.10324403076794426
0.18506299999999998	0.10843431003126848
0.19006199999999998	0.11222058662597778
0.19506099999999998	0.11539264423183276
0.20005999999999999	0.11849919555826649
0.20505899999999999	0.12174654070569764
0.21005799999999999	0.12548526835921797
0.215057	0.12996851541168913
0.22005599999999997	0.13541843519855873
0.22505499999999998	0.14164458444092404
0.23005399999999998	0.14826645722873621
0.23505299999999998	0.15468371022552579
0.24005199999999999	0.16050728388014382
0.24505099999999999	0.16656098182691603
0.25004999999999999	0.17331339707339977
0.25504899999999997	0.18033609694536401
0.260048	0.18773966471697873
0.26504699999999998	0.19543100382130821
0.27004600000000001	0.20285291195814434
0.27504499999999998	0.21011602610751962
0.28004399999999996	0.21758776939653834
0.28504299999999999	0.22494925661390597
0.29004199999999997	0.23223027541659896
0.295041	0.23945991252497964
0.30003999999999997	0.24653989840449103
0.305039	0.2539234399113649
0.31003799999999998	0.26145867837151771
0.31503700000000001	0.26905201070136509
0.32003599999999999	0.2764838137829711
0.32503499999999996	0.28367665910464873
0.33003399999999999	0.29078244166969142
0.33503299999999997	0.29783349235767848
0.340032	0.30495094104621645
0.34503099999999998	0.31194237931004548
0.35003000000000001	0.3187940410238147
0.35502899999999998	0.32553941122548202
0.36002800000000001	0.3321432871731273
0.36502699999999999	0.33863781689016603
0.37002599999999997	0.3450037974734626
0.375025	0.35133931776333677
0.38002399999999997	0.35760161073839025
0.385023	0.36384912966732358
0.39002199999999998	0.37002469991532527
0.39502100000000001	0.3761645258529861
0.40001999999999999	0.38223036068648225
0.40501899999999996	0.3882212566941578
0.41001799999999999	0.39414235906045347
0.41501699999999997	0.39995393263697937
0.420016	0.40568681543938112
0.42501499999999998	0.41137923430850443
0.43001400000000001	0.41706366090777308
0.43501299999999998	0.42266629900851571
0.44001199999999996	0.42825651476876664
0.44501099999999999	0.43375908394826918
0.45000999999999997	0.43925659165967362
0.455009	0.44469459085999058
0.46000799999999997	0.45015365275533842
0.465007	0.45550481909524798
0.47000599999999998	0.46089310824923746
0.47500500000000001	0.46621379423854292
0.48000399999999999	0.47153861022836752
0.48500299999999996	0.47678395894723763
0.49000199999999999	0.48201957654871436
0.49500099999999997	0.48723412089343537
0.5	0.49240869449690139
0.50499899999999998	0.49758050686468197
0.50999799999999995	0.50273953995571141
0.51499700000000004	0.50784988802379727
0.51999600000000001	0.51297631835810009
0.52499499999999999	0.51809107727285464
0.52999399999999997	0.52323600383667113
0.53499299999999994	0.5283923110587897
0.53999200000000003	0.53356189563833067
0.544991	0.53872913266112055
0.54998999999999998	0.54391647331637438
0.55498899999999995	0.5491272811881468
0.55998799999999993	0.5543847040790495
0.56498700000000002	0.55963275784610489
0.56998599999999999	0.56495606274805155
0.57498499999999997	0.57036668421178183
0.57998399999999994	0.5757580529387647
0.58498300000000003	0.58116609520301055
0.58998200000000001	0.58650261022620465
0.59498099999999998	0.59190679348304942
0.59997999999999996	0.59744220479993682
0.60497899999999993	0.60294361644030225
0.60997800000000002	0.60850190323865549
0.614977	0.61416411832938267
0.61997599999999997	0.61984316839637732
0.62497499999999995	0.62554693395402483
0.62997400000000003	0.63126732169148692
0.63497300000000001	0.63703585327743639
0.63997199999999999	0.64289574666627647
0.64497099999999996	0.64882660166110528
0.64996999999999994	0.65487073437654031
0.65496900000000002	0.66089897112216534
0.659968	0.66717603310250762
0.66496699999999997	0.67346016874670434
0.66996599999999995	0.68000583142670346
0.67496500000000004	0.68657948108529232
0.67996400000000001	0.69321567789636496
0.68496299999999999	0.7000004037787827
0.68996199999999996	0.7069459474382751
0.69496099999999994	0.71386375412433634
0.69996000000000003	0.72099069818120531
0.704959	0.7283879653601778
0.70995799999999998	0.73584995266855313
0.71495699999999995	0.74344697659796088
0.71995600000000004	0.7513252966265368
0.72495500000000002	0.75949580076646284
0.72995399999999999	0.76811341138509026
0.73495299999999997	0.77720335998891821
0.73995199999999994	0.78686314780410149
0.74495100000000003	0.79647331808265764
0.74995000000000001	0.80591365774566082
0.75494899999999998	0.81543484578828496
0.75994799999999996	0.82493973062828596
0.76494699999999993	0.83446267364717497
0.76994600000000002	0.84397406612173076
0.77494499999999999	0.85347007550666898
0.77994399999999997	0.86288983305819633
0.78494299999999995	0.8723822273491324
0.78994200000000003	0.88196495292074395
0.79494100000000001	0.89157670076675277
0.79993999999999998	0.90086315737181999
0.80493899999999996	0.9094215246147388
0.80993799999999994	0.91690053019169948
0.81493700000000002	0.92378716629980817
0.819936	0.93068019968697457
0.82493499999999997	0.93724401141030023
0.82993399999999995	0.94341579446828416
0.83493300000000004	0.94908578474609162
0.83993200000000001	0.95435486482226484
0.84493099999999999	0.95835120231462712
0.84992999999999996	0.96175167505192549
0.85492899999999994	0.96492140547599703
0.85992800000000003	0.96821830756350002
0.864927	0.97150485784823493
0.86992599999999998	0.97381498034953184
0.87492499999999995	0.97577569378228146
0.87992399999999993	0.97801327046007058
0.88492300000000002	0.98031358781969991
0.88992199999999999	0.98168442976783288
0.89492099999999997	0.98277425822505071
0.89991999999999994	0.98394311188351924
0.90491900000000003	0.98519237958819617
0.909918	0.98655447116682105
0.91491699999999998	0.98729218604133273
0.91991599999999996	0.98791989693834403
0.92491499999999993	0.98860002863243135
0.92991400000000002	0.98944095524245079
0.93491299999999999	0.99037719208685238
0.93991199999999997	0.9908670727675486
0.94491099999999995	0.99129209884358227
0.94991000000000003	0.99169926137178055
0.95490900000000001	0.99224770989079691
0.95990799999999998	0.99288730492446231
0.96490699999999996	0.99382184423785025
0.96990599999999993	0.99499237619041048
0.97490500000000002	0.99648156990536063
0.979904	0.99897077158406378
0.98490299999999997	1.0
0.98990199999999995	1.0
0.99490100000000004	1.0
0.99990000000000001	1.0
