0.
0.19869261021359266
0.3973852204271855
0.5960778306407784
0.6953701748933329
0.7335864874900951
0.7590849199989802
0.7780445140868769
0.7935842245960825
0.806917395016175
0.8181746614164734
0.828283758555761
0.837187311969153
0.846090865382545
0.8531374962261433
0.8601320062657942
0.8671265163054453
0.8738752614181072
0.8794183570747865
0.8849614527314658
0.8905045483881451
0.8960476440448245
0.9015907397015038
0.9070338555054326
0.9115834825145047
0.9161331095235772
0.9206827365326494
0.9252323635417218
0.929781990550794
0.9343316175598664
0.9388812445689386
0.943430871578011
0.9479804985870832
0.9525301255961557
0.9566181845008478
0.96057553227817
0.9645328800554928
0.9684902278328152
0.9724475756101377
0.9764049233874602
0.9803622711647827
0.9843196189421052
0.9882769667194277
0.9922343144967501
0.9961916622740729
1.0001490100513952
1.0041063578287177
1.0080637056060404
1.012021053383363
1.0159784011606854
1.0199357489380079
1.0238930967153304
1.027850444492653
1.0315501953762254
1.0351986670783504
1.0388471387804754
1.0424956104826004
1.0461440821847254
1.0497925538868504
1.0534410255889755
1.0570894972911005
1.0607379689932257
1.0643864406953505
1.0680349123974757
1.0716833840996005
1.0753318558017257
1.0789803275038505
1.0826287992059758
1.0862772709081008
1.0899257426102258
1.0935742143123508
1.0972226860144756
1.1008711577166008
1.1045196294187258
1.1081681011208508
1.1118165728229759
1.1154650445251009
1.1191135162272259
1.122761987929351
1.126410459631476
1.130058931333601
1.133707403035726
1.1373558747378512
1.141004346439976
1.1446528181421012
1.148301289844226
1.1519497615463512
1.1555982332484762
1.159246704950601
1.1628951766527262
1.166543648354851
1.1700711879739814
1.173550154522164
1.1770291210703467
1.1805080876185294
1.1839870541667121
1.1874660207148946
1.1909449872630773
1.19442395381126
1.1979029203594427
1.2013818869076254
1.2048608534558078
1.2083398200039905
1.2118187865521732
1.2152977531003557
1.2187767196485384
1.222255686196721
1.2257346527449038
1.2292136192930863
1.232692585841269
1.2361715523894516
1.2396505189376343
1.2431294854858168
1.2466084520339995
1.2500874185821822
1.253566385130365
1.2570453516785476
1.26052431822673
1.2640032847749127
1.2674822513230954
1.2709612178712781
1.2744401844194608
1.2779191509676433
1.281398117515826
1.2848770840640087
1.2883560506121914
1.291835017160374
1.2953139837085568
1.2987929502567392
1.302271916804922
1.3057508833531046
1.3092298499012873
1.31270881644947
1.3161877829976525
1.3196667495458352
1.3231457160940179
1.3266246826422006
1.3301036491903833
1.3335826157385657
1.3370615822867484
1.3405405488349311
1.3440195153831138
1.3474984819312965
1.350977448479479
1.3544564150276617
1.3579353815758444
1.361414348124027
1.3648933146722098
1.3683722812203922
1.371851247768575
1.3753302143167574
1.3788091808649403
1.382288147413123
1.3857671139613057
1.389246080509488
1.3927250470576706
1.3962040136058536
1.399682980154036
1.4031619467022187
1.4066409132504014
1.4101198797985839
1.4135988463467666
1.4170778128949493
1.420556779443132
1.4240357459913147
1.4275147125394971
1.4309936790876798
1.4344726456358625
1.4379516121840452
1.441430578732228
1.4449095452804104
1.448388511828593
1.4518674783767755
1.4553464449249585
1.4588254114731412
1.4623043780213236
1.4657833445695063
1.4691563330635962
1.472522093419364
1.4758878537751434
1.479253614130923
1.4826193744867024
1.485985134842482
1.4893508951982615
1.492716655554017
1.4960824159097967
1.4994481762655762
1.5028139366213558
1.5061796969771353
1.5095454573329028
1.5129112176886823
1.5162769780444618
1.5196427384002416
1.523008498756021
1.5263742591118006
1.5297400194675561
1.5331057798233356
1.5364715401791151
1.5398373005348946
1.5432030608906744
1.546568821246442
1.5499345816022214
1.553300341958001
1.5566661023137804
1.560031862669548
1.5633976230253275
1.5667633833810952
1.5701291437368747
1.5734949040926542
1.5768606644484338
1.5802264248042133
1.5835921851599928
1.5869579455157603
1.5903237058715398
1.5936894662273076
1.597055226583087
1.6004209869388666
1.603786747294634
1.6071525076504136
1.6105182680061931
1.6138840283619726
1.6172497887177524
1.620615549073532
1.6239813094292994
1.627347069785067
1.6307128301408464
1.634078590496626
1.6374443508524055
1.6408101112081852
1.6441758715639527
1.6475416319197322
1.6509073922755118
1.6542731526312913
1.6576389129870708
1.6610046733428263
1.664370433698606
1.6677361940543856
1.671101954410165
1.6744677147659446
1.677833475121724
1.6811992354774916
1.6845649958332711
1.6879307561890506
1.6912965165448304
1.694662276900598
1.6980280372563654
1.701393797612145
1.7047595579679244
1.708125318323704
1.7114910786794835
1.7148568390352632
1.7182225993910307
1.7215883597468102
1.7249541201025897
1.7283198804583573
1.7316856408141368
1.7350514011699163
1.738417161525684
1.7417829218814636
1.745148682237243
1.7485144425930226
1.751880202948802
1.7552459633045696
1.7586117236603371
1.7619774840161169
1.7653432443718964
1.768709004727676
1.7720747650834554
1.775440525439223
1.7788062857950024
1.782172046150782
1.7855378065065615
1.7889035668623412
1.7922693272180967
1.7956350875738762
1.7990008479296558
1.8023666082854353
1.8057323686412148
1.8090981289969943
1.812463889352762
1.8158296497085415
1.819195410064321
1.8225611704201006
1.82592693077588
1.8292926911316476
1.8326584514874151
1.8360242118431949
1.8393899721989744
1.842755732554754
1.8461214929105334
1.849487253266301
1.8528530136220804
1.85621877397786
1.8595845343336277
1.8629502946894072
1.8663160550451867
1.8696818154009542
1.8730475757567338
1.8764133361125133
1.8797790964682928
1.8831448568240723
1.886510617179852
1.8898763775356195
1.893242137891387
1.8966078982471666
1.899973658602946
1.9033394189587256
1.9067051793144931
1.9100709396702729
1.9134367000260524
1.9168024603818319
1.9201682207376114
1.923533981093391
1.9268997414491464
1.930265501804926
1.9336312621607057
1.9369970225164852
1.9403627828722647
1.9437285432280322
1.9470943035838117
1.9504600639395913
1.9538258242953708
1.9571915846511505
1.96055734500693
1.9639231053626856
1.967288865718465
1.9706546260742446
1.974020386430024
1.9773861467858036
1.9807519071415831
1.9841176674973509
1.9874834278531304
1.9908491882089099
1.9942149485646774
1.997580708920457
2.0009464692762244
2.004312229632004
2.0076779899877835
2.011043750343563
2.0144095106993425
2.017775271055122
2.02114103141089
2.0245067917666693
2.027872552122437
2.0312383124782163
2.034604072833996
2.0379698331897633
2.041335593545543
2.044701353901323
2.048067114257102
2.051432874612882
2.054798634968661
2.058164395324429
2.061530155680196
2.064895916035976
2.0682616763917556
2.071627436747535
2.0749931971033146
2.078358957459082
2.0817247178148617
2.085090478170641
2.0884562385264207
2.0918219988822004
2.0951877592379557
2.0985535195937355
2.1019192799495148
2.1052850403052945
2.108650800661074
2.1120165610168535
2.1153823213726213
2.1187480817284006
2.1221138420841803
2.1254796024399596
2.1288453627957273
2.1322111231514946
2.1355768835072744
2.1389426438630537
2.1423084042188334
2.145674164574613
2.1490399249303924
2.15240568528616
2.1557714456419395
2.159137205997719
2.1625029663534865
2.1658687267092662
2.169234487065046
2.1726002474208133
2.175966007776593
2.1793317681323723
2.182697528488152
2.1860632888439313
2.189429049199699
2.192794809555467
2.196160569911246
2.199526330267026
2.202892090622805
2.206257850978585
2.209623611334352
2.212989371690132
2.2163551320459116
2.219720892401691