-7.493286966389211e-16
0.19847512552683805
0.3969502510536765
0.5804689042016086
0.6777446139681149
0.7310970488713954
0.7684577717684853
0.7979354086126356
0.8225708193430272
0.8439848761417564
0.8629992386130512
0.8802125122297092
0.8960733739252117
0.9110742619383445
0.9245621822696951
0.9377345957820223
0.9497293060174904
0.9617240162529587
0.9724810994380721
0.9830194562900877
0.9935578131421031
1.0030383349332155
1.0122557607639449
1.0214731865946742
1.0306906124254034
1.0388365779088535
1.0466963235728592
1.054556069236865
1.0624158149008707
1.0702755605648764
1.0776387191818766
1.0842716645126251
1.0909046098433735
1.0975375551741215
1.10417050050487
1.1108034458356184
1.1174363911663667
1.1240594218197122
1.129667990405495
1.1352765589912777
1.1408851275770606
1.1464936961628434
1.1521022647486259
1.1577108333344088
1.1633194019201916
1.1689279705059743
1.174536539091757
1.18014510767754
1.1852621840063615
1.1900329615643872
1.1948037391224127
1.1995745166804384
1.204345294238464
1.2091160717964897
1.2138868493545152
1.2186576269125409
1.2234284044705663
1.2281991820285918
1.2329699595866177
1.2377407371446432
1.2425115147026689
1.2472822922606943
1.25205306981872
1.2565049214037634
1.2605951071920045
1.2646852929802461
1.2687754787684875
1.272865664556729
1.2769558503449705
1.2810460361332119
1.2851362219214533
1.2892264077096947
1.293316593497936
1.2974067792861776
1.301496965074419
1.3055871508626604
1.3096773366509018
1.3137675224391432
1.3178577082273848
1.3219478940156262
1.3260380798038676
1.3301282655921092
1.3342184513803506
1.3383086371685922
1.3423988229568333
1.3464890087450747
1.350128378674271
1.3536766988781925
1.3572250190821142
1.3607733392860357
1.3643216594899572
1.367869979693879
1.3714182998978004
1.374966620101722
1.3785149403056436
1.382063260509565
1.3856115807134868
1.3891599009174085
1.39270822112133
1.3962565413252517
1.3998048615291732
1.4033531817330946
1.4069015019370164
1.410449822140938
1.4139981423448595
1.417546462548781
1.4210947827527027
1.4246431029566242
1.428191423160546
1.4317397433644674
1.435288063568389
1.4388363837723106
1.442384703976232
1.4459330241801538
1.4494813443840753
1.4530296645879968
1.4565779847919185
1.46012630499584
1.4636746251997617
1.4672229454036831
1.4707712656076046
1.4739820237255907
1.4770570287093987
1.480132033693207
1.4832070386770149
1.4862820436608228
1.489357048644631
1.492432053628439
1.4955070586122472
1.498582063596055
1.5016570685798631
1.5047320735636713
1.5078070785474793
1.5108820835312873
1.5139570885150955
1.5170320934989034
1.5201070984827116
1.5231821034665196
1.5262571084503276
1.5293321134341358
1.5324071184179437
1.5354821234017517
1.53855712838556
1.541632133369368
1.544707138353176
1.547782143336984
1.550857148320792
1.5539321533046002
1.5570071582884082
1.5600821632722162
1.5631571682560244
1.5662321732398325
1.5693071782236405
1.5723821832074485
1.5754571881912565
1.5785321931750647
1.5816071981588726
1.5846822031426808
1.5877572081264888
1.590832213110297
1.5939072180941047
1.596982223077913
1.6000572280617211
1.603132233045529
1.606207238029337
1.6092822430131453
1.6123572479969535
1.6154322529807614
1.6185072579645694
1.6215822629483774
1.6246572679321856
1.6277322729159938
1.6308072778998015
1.6338822828836097
1.6369572878674177
1.6400322928512259
1.6431072978350336
1.6461657388576765
1.6487782859185338
1.6513908329793912
1.6540033800402487
1.656615927101106
1.6592284741619634
1.661841021222821
1.6644535682836783
1.6670661153445356
1.6696786624053932
1.6722912094662565
1.6749037565271079
1.6775163035879654
1.6801288506488228
1.6827413977096801
1.6853539447705375
1.687966491831401
1.6905790388922524
1.6931915859531097
1.6958041330139673
1.6984166800748246
1.701029227135688
1.7036417741965395
1.7062543212573968
1.7088668683182542
1.7114794153791117
1.714091962439969
1.7167045095008324
1.719317056561684
1.7219296036225413
1.7245421506833987
1.7271546977442562
1.7297672448051196
1.732379791865977
1.7349923389268285
1.7376048859876858
1.7402174330485431
1.7428299801094005
1.745442527170264
1.7480550742311154
1.7506676212919727
1.7532801683528303
1.7558927154136876
1.758505262474545
1.7611178095354085
1.7637303565962599
1.7663429036571172
1.7689554507179748
1.7715679977788321
1.7741805448396955
1.776793091900547
1.7794056389614044
1.7820181860222617
1.7846307330831193
1.7872432801439766
1.78985582720484
1.7924683742656913
1.7950809213265488
1.7976934683874062
1.8003060154482635
1.802918562509127
1.8055311095699844
1.8081436566308358
1.8107562036916933
1.8133687507525507
1.815981297813408
1.8185938448742716
1.821206391935123
1.8238189389959802
1.8264314860568378
1.8290440331176951
1.8316565801785525
1.834269127239416
1.8368816743002674
1.8394942213611247
1.842106768421982
1.8447193154828396
1.847331862543703
1.8499444096045543
1.8525569566654119
1.8551695037262692
1.8577820507871265
1.860394597847984
1.8630071449088474
1.8656196919696988
1.8682322390305564
1.8708447860914137
1.873457333152271
1.8760698802131346
1.878682427273992
1.8812949743348433
1.8839075213957008
1.8865200684565582
1.8891326155174155
1.891745162578279
1.8943577096391304
1.8969702566999878
1.899582803760845
1.9021953508217027
1.904807897882566
1.9074204449434233
1.910032992004275
1.9126455390651322
1.9152580861259896
1.9178706331868471
1.9204831802477105
1.9230957273085678
1.9257082743694194
1.9283208214302767
1.930933368491134
1.9335459155519916
1.936158462612855
1.9387710096737063
1.9413835567345639
1.9439961037954212
1.9466086508562785
1.9492211979171419
1.9518337449779994
1.9544462920388508
1.9570588390997081
1.9596713861605657
1.962283933221423
1.9648964802822864
1.967509027343138
1.9701215744039953
1.9727341214648526
1.9753466685257102
1.9779592155865735
1.9805717626474308
1.9831843097082824
1.9857968567691398
1.988409403829997
1.9910219508908547
1.993634497951718
1.9962470450125753
1.9988595920734267
2.0014721391342842
2.004084686195142
2.006697233256005
2.0093097803168622
2.011922327377714
2.014534874438571
2.0171474214994287
2.0197599685602863
2.0223725156211496
2.0249850626820067
2.027597609742858
2.0302101568037156
2.032822703864573
2.0354352509254303
2.038047797986294
2.040660345047151
2.0432728921080026
2.04588543916886
2.0484979862297177
2.051110533290581
2.0537230803514386
2.05633562741229
2.058948174473147
2.0615607215340046
2.064173268594862
2.0667858156557255
2.069398362716583
2.0720109097774344
2.0746234568382977
2.077236003899149
2.0798485509600124
2.08246109802087
2.0850736450817213
2.087686192142579
2.090298739203436
2.0929112862642936
2.095523833325157
2.0981363803860145
2.100748927446866
2.1033614745077234
2.1059740215685805
2.108586568629438
2.1111991156903014
2.113811662751159
2.1164242098120103
2.119036756872868
2.121649303933725
2.1242618509945883
2.126874398055446
2.129486945116297
2.1320994921771548
2.134712039238012
2.1373245862988695
2.139937133359733
2.1425496804205904
2.1451622274814417
2.147774774542305
2.1503873216031564
2.15299986866402
2.1556124157248773
2.1582249627857286
2.160837509846586
2.1634500569074437
2.166062603968301
2.1686751510291646
2.1712876980900218
2.173900245150873
2.1765127922117307
2.1791253392725882
2.1817378863334516
2.1843504333943087
2.1869629804551662
2.1895755275160176
2.192188074576881
2.1948006216377327
2.197413168698596
2.200025715759453
2.202638262820305
2.205250809881162
2.2078633569420196
2.210475904002877
2.2130884510637405
2.2157009981245976
2.2183135451854494
2.2209260922463128
2.223538639307164
2.2261511863680274
2.228763733428885
2.2313762804897364
2.2339888275505935
2.236601374611451
2.2392139216723086
2.241826468733172
2.2444390157940295
2.247051562854881
2.249664109915744
2.2522766569765955
2.254889204037459
2.2575017510983164
2.260114298159174
2.2627268452200253
2.2653393922808887
2.26795193934174