-7.493286966389211e-16
0.19835626074724697
0.3967125214944943
0.560863776372137
0.6304113818326575
0.666069808366913
0.6894260624054515
0.706977159951438
0.7208563765287467
0.7322552902142029
0.741954716015358
0.7503191496474876
0.7575814588025627
0.7638774842674081
0.7699298359453882
0.7749346279723219
0.7799394199992558
0.7842377269337469
0.7883151071408218
0.7923924873478965
0.7958534610300383
0.7991729719414551
0.8024924828528718
0.8058119937642885
0.8085820950872827
0.81130571642246
0.8140293377576371
0.8167529590928143
0.8194765804279914
0.8219123715850624
0.8242113271304359
0.8265102826758094
0.828809238221183
0.8311081937665565
0.8334071493119302
0.8357061048573037
0.8378789806451189
0.8398944783445593
0.8419099760439996
0.8439254737434401
0.8459409714428805
0.8479564691423207
0.8499719668417611
0.8519874645412014
0.8540029622406419
0.8560184599400823
0.8579972511976709
0.8598387231505793
0.8616801951034877
0.8635216670563962
0.8653631390093046
0.867204610962213
0.8690460829151214
0.8708875548680299
0.8727290268209383
0.8745704987738467
0.8764119707267553
0.8782534426796637
0.8800949146325721
0.8819363865854803
0.883777858538389
0.885587375198747
0.8873278373835988
0.8890682995684505
0.8908087617533021
0.8925492239381538
0.8942896861230055
0.8960301483078573
0.897770610492709
0.8995110726775607
0.9012515348624124
0.9029919970472642
0.9047324592321159
0.9064729214169676
0.9082133836018192
0.909953845786671
0.9116943079715227
0.9134347701563744
0.9151752323412261
0.9169156945260778
0.9186561567109296
0.9203966188957813
0.922137081080633
0.9238775432654847
0.9255626529944464
0.9272447272014346
0.9289268014084227
0.930608875615411
0.932290949822399
0.9339730240293872
0.9356550982363755
0.9373371724433636
0.9390192466503519
0.9407013208573399
0.9423833950643281
0.9440654692713164
0.9457475434783045
0.9474296176852925
0.9491116918922808
0.950793766099269
0.9524758403062571
0.9541579145132454
0.9558399887202335
0.9575220629272218
0.9592041371342098
0.960886211341198
0.9625682855481863
0.9642503597551744
0.9659324339621624
0.9676145081691507
0.9692965823761389
0.9709786565831272
0.9726607307901153
0.9743428049971034
0.9760248792040916
0.9777069534110798
0.9793890276180679
0.9810711018250562
0.9827476856731124
0.9843953825732867
0.986043079473461
0.9876907763736354
0.98933847327381
0.9909861701739843
0.9926338670741586
0.994281563974333
0.9959292608745073
0.9975769577746817
0.999224654674856
1.0008723515750304
1.0025200484752048
1.004167745375379
1.0058154422755534
1.0074631391757278
1.0091108360759022
1.0107585329760767
1.012406229876251
1.0140539267764253
1.0157016236765997
1.017349320576774
1.0189970174769483
1.020644714377123
1.022292411277297
1.0239401081774715
1.025587805077646
1.0272355019778203
1.0288831988779945
1.030530895778169
1.0321785926783433
1.0338262895785175
1.0354739864786922
1.0371216833788663
1.0387693802790408
1.0404170771792152
1.0420647740793894
1.0437124709795638
1.0453601678797382
1.0470078647799126
1.0486555616800868
1.0503032585802614
1.0519509554804356
1.05359865238061
1.0552463492807844
1.0568940461809586
1.058541743081133
1.0601894399813074
1.0618371368814818
1.0634848337816563
1.0651325306818307
1.0667802275820049
1.0684279244821793
1.0700756213823537
1.0717233182825279
1.0733710151827025
1.0750187120828767
1.0766507659038265
1.0782808898594263
1.0799110138150203
1.08154113777062
1.083171261726214
1.0848013856818077
1.0864315096374018
1.0880616335929956
1.0896917575485894
1.0913218815041894
1.0929520054597832
1.094582129415383
1.0962122533709708
1.0978423773265649
1.0994725012821647
1.1011026252377585
1.1027327491933523
1.1043628731489463
1.1059929971045401
1.107623121060134
1.1092532450157337
1.1108833689713278
1.1125134929269276
1.1141436168825154
1.1157737408381092
1.1174038647937092
1.119033988749303
1.1206641127048969
1.1222942366604909
1.1239243606160847
1.1255544845716785
1.1271846085272783
1.1288147324828723
1.1304448564384721
1.13207498039406
1.1337051043496538
1.1353352283052538
1.1369653522608476
1.1385954762164474
1.1402256001720412
1.1418557241276293
1.143485848083229
1.1451159720388229
1.1467460959944167
1.1483762199500167
1.1500063439056045
1.1516364678611983
1.1532665918167984
1.1548967157723922
1.156526839727992
1.1581569636835858
1.1597870876391738
1.1614172115947736
1.1630473355503674
1.1646774595059612
1.1663075834615613
1.167937707417155
1.169567831372743
1.1711979553283427
1.1728280792839367
1.1744582032395365
1.1760883271951303
1.1777184511507182
1.1793485751063182
1.180978699061912
1.1826088230175058
1.1842389469731058
1.1858690709286996
1.1874991948842935
1.1891293188398873
1.1907594427954813
1.192389566751081
1.194019690706675
1.1956498146622627
1.1972799386178627
1.1989100625734566
1.2005401865290504
1.2021703104846502
1.2038004344402442
1.205430558395838
1.2070606823514318
1.2086908063070256
1.2103209302626257
1.2119510542182195
1.2135811781738193
1.2152113021294073
1.2168414260850011
1.218471550040601
1.2201016739961947
1.2217317979517888
1.2233619219073826
1.2249920458629764
1.2266221698185702
1.2282522937741702
1.229882417729764
1.2315125416853638
1.2331426656409517
1.2347727895965457
1.2364029135521455
1.2380330375077393
1.239663161463333
1.2412932854189271
1.242923409374521
1.2445535333301148
1.2461836572857148
1.2478137812413086
1.2494439051969084
1.2510740291524962
1.2527041531080902
1.25433427706369
1.2559644010192839
1.2575945249748777
1.2592246489304777
1.2608547728860655
1.2624848968416653
1.2641150207972591
1.2657451447528532
1.267375268708453
1.2690053926640408
1.2706355166196348
1.2722656405752346
1.2738957645308284
1.2755258884864282
1.2771560124420223
1.27878613639761
1.2804162603532099
1.2820463843088037
1.2836765082643977
1.2853066322199975
1.2869367561755913
1.2885668801311791
1.2901970040867792
1.291827128042373
1.2934572519979728
1.2950873759535666
1.2967174999091546
1.2983476238647544
1.2999777478203483
1.3016078717759423
1.303237995731542
1.304868119687136
1.3064982436427237
1.3081283675983237
1.3097584915539175
1.3113886155095174
1.3130187394651112
1.3146488634206992
1.316278987376299
1.3179091113318928
1.3195392352874866
1.3211693592430866
1.3227994831986805
1.3244296071542743
1.326059731109868
1.327689855065462
1.329319979021062
1.3309501029766557
1.3325802269322498
1.3342103508878436
1.3358404748434374
1.3374705987990372
1.3391007227546312
1.340730846710225
1.3423609706658188
1.3439910946214126
1.3456212185770067
1.3472513425326065
1.3488814664882003
1.3505115904438
1.3521417143993881
1.353771838354982
1.3554019623105817
1.3570320862661756
1.3586622102217696
1.3602923341773694
1.3619224581329572
1.3635525820885512
1.365182706044151
1.3668128299997448
1.3684429539553447
1.3700730779109327
1.3717032018665265
1.3733333258221263
1.3749634497777201
1.3765935737333141
1.378223697688914
1.3798538216445018
1.3814839456000956
1.3831140695556956
1.3847441935112894
1.3863743174668892
1.388004441422477
1.389634565378071
1.3912646893336709
1.3928948132892647
1.3945249372448587
1.3961550612004585
1.3977851851560463
1.3994153091116461
1.4010454330672402
1.402675557022834
1.4043056809784338
1.4059358049340276
1.4075659288896156
1.4091960528452154
1.4108261768008092
1.412456300756409
1.414086424712003
1.415716548667591
1.4173466726231907
1.4189767965787845
1.4206069205343785
1.4222370444899783
1.4238671684455722
1.4254972924011602
1.42712741635676
1.4287575403123538
1.4303876642679536
1.4320177882235476
1.4336479121791355
1.4352780361347353
1.436908160090329
1.438538284045923
1.440168408001523
1.4417985319571167
1.4434286559127045
1.4450587798683046
1.4466889038238984
1.4483190277794982
1.449949151735092
1.451579275690686
1.4532093996462798
1.4548395236018736
1.4564696475574677
1.4580997715130675
1.4597298954686613
1.461360019424255
1.4629901433798491
1.464620267335443
1.4662503912910427
1.4678805152466365