0.
0.19855302523917356
0.3971060504783472
0.584894633881116
0.6322004101726599
0.6532835598846454
0.6671728247212497
0.6774227203442716
0.6854491570135673
0.6920435586367135
0.6981536000128166
0.7030832558989092
0.7080129117850017
0.7123195216182316
0.7162991510509414
0.7202787804836511
0.7242584099163608
0.7277096847530593
0.7311093084249085
0.7345089320967577
0.7379085557686069
0.7413081794404561
0.7447078031123053
0.7478152251896478
0.7508931902332439
0.75397115527684
0.757049120320436
0.7601270853640321
0.763205050407628
0.7662830154512241
0.7693609804948202
0.7724389455384162
0.7755169105820122
0.7784880184470963
0.7814051090480203
0.7843221996489443
0.7872392902498685
0.7901563808507925
0.7930734714517167
0.7959905620526407
0.7989076526535649
0.8018247432544889
0.804741833855413
0.8076589244563371
0.8105760150572612
0.8134931056581853
0.8164101962591094
0.8193272868600335
0.8222443774609576
0.8251614680618816
0.8280785586628058
0.8309956492637298
0.8338437894586062
0.8366766811332953
0.8395095728079845
0.8423424644826738
0.845175356157363
0.8480082478320521
0.8508411395067413
0.8536740311814307
0.8565069228561197
0.8593398145308091
0.8621727062054981
0.8650055978801875
0.8678384895548766
0.8706713812295657
0.873504272904255
0.8763371645789443
0.8791700562536334
0.8820029479283227
0.8848358396030118
0.8876687312777011
0.8905016229523902
0.8933345146270796
0.8961674063017686
0.8990002979764578
0.901833189651147
0.9046660813258361
0.9074989730005255
0.9103318646752145
0.9131647563499039
0.9159976480245929
0.9188305396992823
0.9216634313739716
0.9244963230486607
0.9273292147233498
0.9301621063980391
0.9329949980727283
0.9358278897474175
0.9386607814221066
0.9414380348473121
0.9442059319612992
0.9469738290752862
0.9497417261892731
0.9525096233032602
0.955277520417247
0.958045417531234
0.9608133146452209
0.9635812117592077
0.9663491088731948
0.9691170059871818
0.9718849031011687
0.9746528002151555
0.9774206973291426
0.9801885944431293
0.9829564915571164
0.9857243886711033
0.9884922857850904
0.9912601828990771
0.9940280800130642
0.9967959771270511
0.9995638742410382
1.002331771355025
1.0050996684690119
1.007867565582999
1.0106354626969858
1.0134033598109728
1.01617125692496
1.0189391540389465
1.0217070511529336
1.0244749482669206
1.0272428453809077
1.0300107424948943
1.0327786396088814
1.0355465367228682
1.0383144338368553
1.0410823309508421
1.0438502280648292
1.0466181251788162
1.049386022292803
1.05215391940679
1.054921816520777
1.0576897136347638
1.060457610748751
1.0632255078627377
1.0659934049767246
1.0687613020907119
1.0715291992046987
1.0742970963186858
1.0770649934326724
1.0798328905466594
1.0826007876606465
1.0853686847746336
1.0881365818886202
1.0909044790026072
1.093672376116594
1.0964402732305811
1.099208170344568
1.101976067458555
1.1047439645725419
1.107511861686529
1.1102797588005158
1.1130476559145028
1.1158155530284897
1.1185834501424767
1.1213513472564636
1.1241192443704506
1.1268871414844375
1.1296550385984245
1.1324229357124114
1.1351908328263982
1.1379587299403853
1.140726627054372
1.1434945241683592
1.146262421282346
1.1490303183963329
1.1517982155103201
1.154566112624307
1.1573340097382938
1.1601019068522809
1.1628698039662677
1.1656377010802548
1.1684055981942416
1.1711734953082285
1.1739413924222155
1.1766860586660155
1.179394082610509
1.1821021065549966
1.184810130499496
1.1875181544439894
1.190226178388483
1.1929342023329705
1.195642226277464
1.1983502502219574
1.201058274166451
1.2037662981109445
1.206474322055432
1.2091823459999316
1.211890369944425
1.2145983938889184
1.217306417833412
1.2200144417779055
1.222722465722393
1.2254304896668864
1.22813851361138
1.2308465375558735
1.233554561500367
1.2362625854448546
1.238970609389354
1.2416786333338474
1.244386657278335
1.2470946812228345
1.249802705167328
1.2525107291118156
1.255218753056309
1.2579267770008025
1.260634800945296
1.2633428248897896
1.266050848834283
1.2687588727787764
1.27146689672327
1.2741749206677575
1.276882944612257
1.2795909685567506
1.282298992501238
1.2850070164457315
1.2877150403902249
1.2904230643347185
1.293131088279212
1.2958391122237054
1.298547136168199
1.3012551601126925
1.30396318405718
1.3066712080016796
1.309379231946173
1.3120872558906604
1.3147952798351539
1.3175033037796475
1.320211327724141
1.3229193516686344
1.325627375613128
1.3283353995576215
1.331043423502115
1.3337514474466086
1.336459471391102
1.3391674953355954
1.341875519280089
1.3445835432245765
1.34729156716907
1.3499995911135634
1.352707615058057
1.3554156390025505
1.358123662947038
1.3608316868915376
1.363539710836031
1.3662477347805184
1.368955758725018
1.3716637826695115
1.374371806613999
1.3770798305584924
1.379787854502986
1.3824958784474795
1.3852039023919729
1.3879119263364725
1.39061995028096
1.3933279742254534
1.396035998169941
1.3987440221144405
1.401452046058934
1.4041600700034214
1.406868093947915
1.4095761178924084
1.4122841418369019
1.4149921657813955
1.417700189725889
1.4204082136703824
1.423116237614876
1.4258242615593635
1.428532285503863
1.4312403094483566
1.433948333392844
1.4366563573373374
1.4393643812818309
1.4420724052263245
1.444780429170818
1.4474884531153114
1.450196477059805
1.4529045010042985
1.455612524948792
1.4583205488932856
1.461028572837779
1.4637365967822724
1.4664446207267599
1.4691526446712535
1.471860668615747
1.4745686925602404
1.477276716504734
1.4799847404492215
1.4826927643937209
1.4854007883382145
1.488108812282708
1.4908168362272014
1.493524860171695
1.4962328841161825
1.498940908060676
1.5016489320051694
1.504356955949663
1.5070649798941564
1.5097730038386439
1.5124810277831435
1.515189051727637
1.5178970756721244
1.520605099616624
1.5233131235611175
1.526021147505605
1.5287291714500983
1.531437195394592
1.5341452193390854
1.5368532432835789
1.5395612672280725
1.542269291172566
1.5449773151170594
1.547685339061547
1.5503933630060465
1.55310138695054
1.5558094108950273
1.558517434839521
1.5612254587840144
1.5639334827285079
1.5666415066730015
1.569349530617495
1.5720575545619884
1.574765578506482
1.5774736024509755
1.5801816263954689
1.5828896503399625
1.585597674284456
1.5883056982289434
1.5910137221734368
1.5937217461179305
1.596429770062424
1.5991377940069174
1.601845817951411
1.6045538418959044
1.6072618658403979
1.6099698897848915
1.612677913729385
1.6153859376738784
1.6180939616183658
1.6208019855628595
1.623510009507353
1.6262180334518463
1.62892605739634
1.6316340813408274
1.6343421052853269
1.6370501292298205
1.639758153174308
1.6424661771188074
1.6451742010633008
1.6478822250077885
1.650590248952282
1.6532982728967753
1.656006296841269
1.6587143207857624
1.6614223447302618
1.6641303686747495
1.666838392619243
1.6695464165637304
1.67225444050823
1.6749624644527235
1.677670488397211
1.6803785123417043
1.683086536286198
1.6857945602306914
1.6885025841751848
1.6912106081196785
1.693918632064172
1.6966266560086654
1.699334679953153
1.7020427038976524
1.7047507278421459
1.7074587517866333
1.710166775731127
1.7128747996756204
1.7155828236201138
1.7182908475646075
1.720998871509101
1.7237068954535943
1.726414919398088
1.7291229433425814
1.7318309672870749
1.7345389912315685
1.737247015176062
1.7399550391205494
1.7426630630650428
1.7453710870095365
1.74807911095403
1.7507871348985233
1.753495158843017
1.7562031827875104
1.7589112067320039
1.7616192306764975
1.764327254620991
1.7670352785654844
1.7697433025099718
1.7724513264544655
1.775159350398959
1.7778673743434523
1.780575398287946
1.7832834222324454
1.7859914461769328