-7.493286966389211e-16
0.1984373723622717
0.3968747447245438
0.5746544067837305
0.6629105705356709
0.7103535208688617
0.7428523634048956
0.768300801612277
0.7890748319862741
0.8072251228485864
0.8229431504045489
0.8368703432938219
0.8495098808421448
0.8613296013821613
0.8721461483288011
0.8822347731921949
0.891594006587448
0.9007277496715675
0.9087656969331397
0.916803644194712
0.9246458445263979
0.9314708912570532
0.9382959379877084
0.9451209847183638
0.9517187116507215
0.9574039050521755
0.9630890984536293
0.9687742918550831
0.974459485256537
0.9801446786579908
0.9849788465408882
0.9896917535819176
0.9944046606229472
0.9991175676639766
1.0038304747050062
1.0085433817460356
1.0132562887870653
1.017526978774781
1.0214400531696715
1.0253531275645618
1.029266201959452
1.0331792763543426
1.037092350749233
1.0410054251441232
1.0449184995390135
1.048831573933904
1.0527446483287943
1.0565180752245447
1.0597963450280978
1.063074614831651
1.066352884635204
1.0696311544387571
1.07290942424231
1.0761876940458635
1.0794659638494164
1.0827442336529696
1.0860225034565225
1.0893007732600757
1.0925790430636289
1.095857312867182
1.099135582670735
1.1024138524742881
1.1055894556373576
1.1083938047922646
1.1111981539471716
1.1140025031020786
1.1168068522569854
1.1196112014118924
1.1224155505667994
1.1252198997217064
1.1280242488766135
1.1308285980315205
1.1336329471864273
1.1364372963413343
1.1392416454962413
1.1420459946511483
1.1448503438060553
1.1476546929609623
1.1504590421158694
1.1532633912707764
1.1560677404256834
1.1588720895805904
1.1616764387354974
1.1644807878904044
1.1672851370453114
1.1698471787241929
1.172318507797145
1.174789836870097
1.1772611659430492
1.179732495016001
1.1822038240889532
1.1846751531619053
1.1871464822348574
1.1896178113078095
1.1920891403807614
1.1945604694537135
1.1970317985266656
1.1995031275996177
1.2019744566725699
1.2044457857455217
1.2069171148184739
1.209388443891426
1.211859772964378
1.2143311020373302
1.216802431110282
1.2192737601832342
1.2217450892561863
1.2242164183291384
1.2266877474020905
1.2291590764750424
1.2316304055479947
1.2341017346209466
1.2365730636938987
1.2390443927668506
1.241515721839803
1.2439870509127549
1.246458379985707
1.248929709058659
1.251401038131611
1.2538723672045633
1.256164713357036
1.2584123982196034
1.2606600830821706
1.2629077679447376
1.265155452807305
1.2674031376698722
1.2696508225324394
1.2718985073950069
1.274146192257574
1.2763938771201413
1.2786415619827087
1.280889246845276
1.283136931707843
1.2853846165704104
1.2876323014329776
1.2898799862955448
1.2921276711581122
1.2943753560206794
1.2966230408832466
1.298870725745814
1.3011184106083813
1.3033660954709485
1.3056137803335157
1.307861465196083
1.3101091500586501
1.3123568349212176
1.3146045197837848
1.316852204646352
1.3190998895089194
1.3213475743714866
1.3235952592340539
1.325842944096621
1.3280906289591883
1.3303383138217555
1.332585998684323
1.3348336835468901
1.3370813684094573
1.3393290532720246
1.341576738134592
1.3438244229971592
1.3460721078597264
1.3483197927222939
1.3505674775848608
1.352815162447428
1.3550628473099955
1.3573105321725627
1.35955821703513
1.3618059018976973
1.3640535867602646
1.3663012716228318
1.3685489564853992
1.3707966413479664
1.3730443262105334
1.3752920110731008
1.377539695935668
1.3797873807982353
1.381985704957142
1.3840962954552942
1.3862068859534526
1.3883174764515989
1.390428066949751
1.3925386574479033
1.3946492479460615
1.3967598384442137
1.398870428942372
1.4009810194405123
1.4030916099386705
1.4052022004368228
1.407312790934975
1.4094233814331332
1.4115339719312794
1.4136445624294318
1.415755152927584
1.4178657434257422
1.4199763339238944
1.4220869244220466
1.4241975149201929
1.426308105418351
1.4284186959165035
1.4305292864146557
1.432639876912814
1.4347504674109721
1.4368610579091123
1.4389716484072645
1.441082238905423
1.4431928294035752
1.4453034199017274
1.4474140103998736
1.4495246008980318
1.451635191396184
1.4537457818943365
1.4558563723924947
1.4579669628906529
1.460077553388793
1.4621881438869453
1.4642987343851035
1.4664093248832557
1.4685199153814141
1.4706305058795723
1.4727410963777126
1.4748516868758648
1.476962277374023
1.4790728678721752
1.4811834583703276
1.4832940488684738
1.485404639366632
1.4875152298647842
1.4896258203629364
1.4917364108610947
1.4938470013592529
1.4959575918573933
1.4980681823555455
1.5001787728537037
1.502289363351856
1.5043999538500081
1.5065105443481543
1.5086211348463128
1.510731725344465
1.5128423158426172
1.5149529063407754
1.5170634968389336
1.5191740873370738
1.5212846778352263
1.5233952683333845
1.5255058588315367
1.5276164493296889
1.529727039827853
1.5318376303259933
1.5339482208241455
1.536058811322298
1.5381694018204561
1.5402799923186083
1.5423905828167546
1.5445011733149068
1.546611763813065
1.5487223543112174
1.5508329448093696
1.5529435353075338
1.555054125805674
1.5571647163038262
1.5592753068019845
1.5613858973001367
1.563496487798289
1.5656070782964353
1.5677176687945935
1.5698282592927457
1.571938849790898
1.5740494402890561
1.5761600307872086
1.5782706212853548
1.580381211783507
1.5824918022816652
1.5846023927798174
1.5867129832779696
1.588823573776128
1.5909341642742743
1.5930447547724265
1.5951553452705787
1.5972659357687369
1.599376526266889
1.6014871167650353
1.6035977072631877
1.605708297761346
1.6078188882594981
1.6099294787576504
1.6120400692558146
1.6141506597539548
1.6162612502521072
1.6183718407502594
1.6204824312484176
1.6225930217465698
1.624703612244728
1.6268142027428683
1.6289247932410265
1.631035383739179
1.633145974237331
1.6352565647354893
1.6373671552336355
1.6394777457317877
1.64158833622994
1.6436989267280984
1.6458095172262506
1.6479201077244088
1.650030698222555
1.6521412887207072
1.6542518792188594
1.6563624697170178
1.65847306021517
1.6605836507133163
1.6626942412114685
1.6648048317096267
1.6669154222077789
1.669026012705931
1.6711366032040895
1.6732471937022357
1.675357784200388
1.6774683746985402
1.6795789651966984
1.6816895556948506
1.683800146193009
1.6859107366911492
1.6880213271893074
1.6901319176874596
1.6922425081856118
1.69435309868377
1.6964636891819163
1.6985742796800687
1.700684870178221
1.702795460676379
1.7049060511745313
1.7070166416726895
1.7091272321708297
1.7112378226689882
1.7133484131671404
1.7154590036652926
1.7175695941634508
1.719680184661597
1.7217907751597492
1.7239013656579014
1.7260119561560598
1.728122546654212
1.7302331371523703
1.7323437276505165
1.7344543181486687
1.736564908646821
1.7386754991449793
1.7407860896431315
1.7428966801412897
1.74500727063943
1.7471178611375882
1.7492284516357404
1.7513390421338928
1.753449632632051
1.7555602231301972
1.7576708136283494
1.7597814041265016
1.7618919946246598
1.764002585122812
1.7661131756209645
1.7682237661191107
1.770334356617269
1.772444947115421
1.7745555376135733
1.7766661281117315
1.77877671860989
1.7808873091080302
1.7829978996061824
1.7851084901043406
1.7872190806024928
1.789329671100645
1.7914402615987912
1.7935508520969496
1.7956614425951019
1.797772033093254
1.7998826235914123
1.8019932140895705
1.8041038045877107
1.8062143950858631
1.8083249855840213
1.8104355760821735
1.8125461665803257
1.814656757078472
1.8167673475766302
1.8188779380747826
1.8209885285729408
1.823099119071093
1.8252097095692512
1.8273203000673914
1.8294308905655496
1.8315414810637018
1.8336520715618543
1.8357626620600125
1.8378732525581707
1.839983843056311
1.8420944335544631
1.8442050240526213
1.8463156145507738
1.848426205048926
1.8505367955470722
1.8526473860452304
1.8547579765433826
1.8568685670415348
1.858979157539693
1.8610897480378514
1.8632003385359917
1.8653109290341439
1.867421519532302
1.8695321100304543
1.8716427005286065
1.873753291026771
1.8758638815249111
1.8779744720230633
1.8800850625212155
1.8821956530193737
1.884306243517526
1.8864168340156724