0.
0.19882128877608785
0.3976425775521758
0.5964638663282639
0.7506722841420088
0.8181891491384574
0.8624348466074335
0.8982994673382066
0.9287634155674173
0.9555036285334865
0.9799530541028787
1.0023224568189664
1.022985355463697
1.042223634017295
1.0614619125708933
1.0781794119240589
1.0945728951929126
1.1109663784617667
1.1273598617306204
1.1414201584160582
1.1551862809314164
1.1689524034467744
1.1827185259621324
1.1964846484774905
1.2102507709928487
1.2227299848683575
1.2341621499985185
1.2455943151286797
1.257026480258841
1.2684586453890019
1.2798908105191629
1.2913229756493239
1.3027551407794848
1.3141873059096458
1.325619471039807
1.3370516361699678
1.3468445972754417
1.3563558300327443
1.3658670627900469
1.3753782955473492
1.3848895283046518
1.3944007610619547
1.403911993819257
1.4134232265765596
1.4229344593338624
1.4324456920911648
1.4419569248484676
1.4514681576057702
1.4609793903630728
1.4704906231203754
1.4800018558776777
1.4895130886349803
1.499024321392283
1.5085355541495855
1.518046786906888
1.5270332567379805
1.5350689500443007
1.5431046433506208
1.5511403366569412
1.5591760299632613
1.5672117232695815
1.5752474165759016
1.5832831098822218
1.591318803188542
1.599354496494862
1.6073901898011824
1.6154258831075023
1.6234615764138227
1.6314972697201429
1.639532963026463
1.6475686563327832
1.6556043496391033
1.6636400429454234
1.6716757362517438
1.679711429558064
1.687747122864384
1.6957828161707043
1.7038185094770244
1.7118542027833443
1.7198898960896645
1.727925589395985
1.7359612827023052
1.7439969760086254
1.7520326693149453
1.7600683626212654
1.7681040559275856
1.7761397492339057
1.7841754425402263
1.7922111358465462
1.8002468291528664
1.8082825224591865
1.8163182157655067
1.8243539090718273
1.8323896023781474
1.8400347213883212
1.8469970585942768
1.8539593958002323
1.860921733006188
1.8678840702121433
1.874846407418099
1.8818087446240541
1.88877108183001
1.8957334190359656
1.9026957562419209
1.9096580934478764
1.916620430653832
1.9235827678597879
1.9305451050657432
1.9375074422716987
1.9444697794776542
1.9514321166836097
1.9583944538895652
1.9653567910955205
1.972319128301476
1.9792814655074316
1.986243802713387
1.9932061399193428
2.0001684771252983
2.007130814331254
2.0140931515372094
2.0210554887431647
2.0280178259491204
2.034980163155076
2.0419425003610314
2.048904837566987
2.0558671747729425
2.062829511978898
2.0697918491848535
2.076754186390809
2.0837165235967645
2.09067886080272
2.097641198008676
2.1046035352146313
2.1115658724205866
2.1185282096265423
2.1254905468324976
2.1324528840384533
2.1394152212444086
2.1463775584503644
2.1533398956563197
2.1603022328622754
2.167264570068231
2.1742269072741864
2.1811892444801417
2.1881515816860975
2.1951139188920528
2.2020762560980085
2.2090385933039642
2.2160009305099195
2.2229632677158753
2.2299256049218306
2.236887942127786
2.2438502793337416
2.250812616539697
2.2577749537456526
2.264737290951608
2.2716996281575637
2.2786619653635194
2.2856243025694747
2.2925866397754304
2.2995489769813857
2.306511314187341
2.3134736513932967
2.320435988599252
2.3273983258052082
2.3343606630111635
2.341323000217119
2.3482853374230745
2.35524767462903
2.3622100118349856
2.369172349040941
2.3761346862468966
2.383097023452852
2.3900593606588076
2.397021697864763
2.4039840350707187
2.410946372276674
2.4179087094826297
2.424871046688585
2.4318333838945407
2.438795721100496
2.4457274542289027
2.451899728117761
2.458072002006595
2.464244275895453
2.470416549784311
2.476588823673145
2.482761097562003
2.488933371450837
2.495105645339695
2.5012779192285532
2.5074501931173874
2.5136224670062455
2.5197947408950796
2.5259670147839377
2.5321392886727714
2.5383115625616295
2.5444838364504876
2.5506561103393217
2.55682838422818
2.563000658117014
2.569172932005872
2.57534520589473
2.5815174797835643
2.587689753672422
2.593862027561256
2.600034301450114
2.6062065753389723
2.6123788492278064
2.6185511231166645
2.6247233970054986
2.6308956708943567
2.637067944783215
2.643240218672049
2.6494124925609066
2.6555847664497407
2.661757040338599
2.667929314227433
2.674101588116291
2.680273862005149
2.6864461358939833
2.6926184097828414
2.6987906836716755
2.704962957560533
2.7111352314493913
2.7173075053382494
2.7234797792270835
2.7296520531159416
2.7358243270047757
2.741996600893634
2.748168874782468
2.754341148671326
2.7605134225601597
2.766685696449018
2.772857970337876
2.77903024422671
2.785202518115568
2.7913747920044023
2.7975470658932604
2.8037193397820945
2.8098916136709526
2.8160638875598103
2.8222361614486684
2.8284084353375025
2.8345807092263606
2.8407529831151948
2.846925257004053
2.853097530892911
2.859269804781745
2.865442078670603
2.8716143525594373
2.877786626448295
2.883958900337129
2.890131174225987
2.8963034481148213
2.9024757220036794
2.9086479958925135
2.9148202697813717
2.9209925436702298
2.927164817559064
2.9333370914479215
2.9395093653367796
2.9456816392256138
2.951853913114472
2.95802618700333
2.964198460892164
2.970370734781022
2.9765430086698563
2.9827152825587144
2.988887556447572
2.995059830336406
3.0012321042252643
3.0074043781140984
3.0135766520029565
3.0197489258917907
3.0259211997806488
3.032093473669483
3.038265747558341
3.0444380214471987
3.050610295336033
3.056782569224891
3.062954843113749
3.069127117002583
3.075299390891441
3.0814716647802753
3.0876439386691334
3.0938162125579916
3.0999884864468257
3.1061607603356833
3.1123330342245175
3.1185053081133756
3.1246775820022337
3.130849855891068
3.137022129779902
3.14319440366876
3.149366677557618
3.1555389514464522
3.16171122533531
3.167883499224168
3.174055773113002
3.1802280470018602
3.1864003208906944
3.1925725947795525
3.1987448686684106
3.2049171425572447
3.211089416446103
3.2172616903349605
3.2234339642237946
3.2296062381126527
3.235778512001487
3.241950785890345
3.248123059779179
3.254295333668037
3.2604676075568713
3.2666398814457294
3.272812155334587
3.278984429223421
3.2851567031122793
3.2913289770011134
3.2975012508899715
3.3036735247788296
3.3098457986676637
3.316018072556522
3.32219034644538
3.328362620334214
3.3345348942230717
3.34070716811193
3.346879442000764
3.353051715889598
3.359223989778456
3.3653962636673143
3.3715685375561484
3.3777408114450065
3.3839130853338406
3.3900853592226983
3.3962576331115324
3.4024299070003905
3.4086021808892486
3.4147744547780827
3.420946728666941
3.427119002555775
3.433291276444633
3.439463550333491
3.445635824222349
3.451808098111183
3.457980372000041
3.464152645888875
3.4703249197777333
3.4764971936665674
3.4826694675554255
3.4888417414442596
3.4950140153331177
3.5011862892219754
3.5073585631108095
3.5135308369996676
3.5197031108885017
3.52587538477736
3.532047658666194
3.538219932555052
3.54439220644391
3.5505644803327683
3.5567367542216024
3.56290902811046
3.569081301999294
3.5752535758881523
3.5814258497770104
3.5875981236658445
3.5937703975547026
3.5999426714435367
3.606114945332395
3.612287219221229
3.6184594931100866
3.6246317669989208
3.630804040887779
3.636976314776637
3.643148588665471
3.649320862554329
3.6554931364431633
3.6616654103320214
3.6678376842208795
3.674009958109713
3.6801822319985713
3.6863545058874294
3.6925267797762635
3.6986990536651216
3.7048713275539558
3.711043601442814
3.717215875331672
3.723388149220506
3.7295604231093638
3.735732696998198
3.741904970887056
3.74807724477589
3.754249518664748
3.7604217925535823
3.7665940664424404
3.7727663403312985
3.7789386142201327
3.7851108881089908
3.7912831619978484
3.7974554358866826