-3.1743109731587693
-2.974310973158769
-2.7743109731587694
-2.5743109731587692
-2.374310973158769
-2.1743109731587693
-1.9743109731587691
-1.7743109731587692
-1.5743109731587692
-1.374310973158769
-1.174310973158769
-0.9743109731587691
-0.7743109731587691
-0.5743109731587691
-0.37431097315876904
-0.17431097315876906
0.025689026841230957
0.22568902684123096
0.425689026841231
0.625689026841231
0.825689026841231
1.025689026841231
1.225689026841231
1.425689026841231
1.625689026841231
1.8256890268412311
2.025689026841231
2.225689026841231
2.425689026841231
2.625689026841231
2.825689026841231
3.0256890268412313
3.2256890268412306
3.4256890268412308
3.625689026841231
3.8256890268412307
4.02568902684123
4.225689026841231
4.425689026841231
4.625689026841231
4.825689026841231
5.025689026841231
5.225689026841231
5.425689026841231
5.625689026841231
5.825689026841231
6.025689026841231
6.225689026841231
6.425689026841231
6.625689026841231
6.825689026841231
7.025689026841231
7.225689026841231
7.425689026841231
7.625689026841231
7.825689026841231
8.025689026841231
8.22568902684123
8.425689026841232
8.625689026841231
8.82568902684123
9.025689026841231
9.22568902684123
9.425689026841232
9.625689026841231
9.825689026841232
10.025689026841231
10.22568902684123
10.425689026841232
10.625689026841231
10.825689026841232
11.025689026841231
11.22568902684123
11.425689026841232
11.625689026841231
11.825689026841232
12.025689026841231
12.22568902684123
12.425689026841232
12.625689026841231
12.825689026841232
13.025689026841233
13.225689026841232
13.425689026841233
13.625689026841233
13.825689026841232
14.025689026841233
14.225689026841232
14.425689026841233
14.625689026841233
14.825689026841232
15.025689026841233
15.225689026841232
15.425689026841233
15.625689026841233
15.825689026841232
16.02568902684123
16.225689026841234
16.425689026841233
16.625689026841233
16.825689026841232
17.02568902684123
17.225689026841234
17.425689026841233
17.625689026841233
17.825689026841232
18.02568902684123
18.225689026841234
18.425689026841233
18.625689026841233
18.825689026841232
19.02568902684123
19.225689026841234
19.425689026841233
19.625689026841233
19.825689026841232
20.025689026841235
20.225689026841234
20.425689026841233
20.625689026841233
20.825689026841232
21.025689026841235
21.225689026841234
21.425689026841233
21.625689026841233
21.825689026841232
22.025689026841235
22.225689026841234
22.425689026841233
22.625689026841233
22.825689026841232
23.025689026841235
23.225689026841234
23.425689026841233
23.625689026841233
23.825689026841232
24.025689026841235
24.225689026841234
24.425689026841233
24.625689026841233
24.825689026841232
25.025689026841235
25.225689026841234
25.425689026841233
25.62568902684123
25.825689026841232
26.02568902684123
26.22568902684123
26.42568902684123
26.62568902684123
26.825689026841232
27.02568902684123
27.22568902684123
27.42568902684123
27.62568902684123
27.825689026841232
28.02568902684123
28.22568902684123
28.42568902684123
28.62568902684123
28.825689026841232
29.02568902684123
29.22568902684123
29.42568902684123
29.62568902684123
29.825689026841232
30.02568902684123
30.22568902684123
30.42568902684123
30.62568902684123
30.825689026841232
31.02568902684123
31.22568902684123
31.42568902684123
31.62568902684123
31.825689026841232
32.02568902684123
32.22568902684123
32.42568902684123
32.62568902684123
32.82568902684123
33.02568902684123
33.22568902684123
33.42568902684123
33.62568902684123
33.82568902684123
34.02568902684123
34.22568902684123
34.42568902684123
34.62568902684123
34.82568902684123
35.02568902684123
35.22568902684123
35.42568902684123
35.62568902684123
35.82568902684123
36.02568902684123
36.22568902684123
36.42568902684123
36.62568902684123
36.82568902684123
37.02568902684123
37.22568902684123
37.42568902684123
37.62568902684123
37.82568902684123
38.02568902684123
38.22568902684123
38.42568902684123
38.62568902684123
38.82568902684123
39.025689026841235
39.22568902684123
39.42568902684123
39.62568902684123
39.82568902684123
40.025689026841235
40.22568902684123
40.42568902684123
40.62568902684123
40.82568902684123
41.025689026841235
41.22568902684123
41.42568902684123
41.62568902684123
41.82568902684123
42.025689026841235
42.22568902684123
42.42568902684123
42.62568902684123
42.82568902684123
43.025689026841235
43.22568902684123
43.42568902684123
43.62568902684123
43.82568902684123
44.025689026841235
44.22568902684123
44.42568902684123
44.62568902684123
44.82568902684123
45.025689026841235
45.22568902684123
45.42568902684123
45.62568902684123
45.82568902684123
46.025689026841235
46.22568902684123
46.42568902684123
46.62568902684123
46.82568902684123
47.025689026841235
47.22568902684123
47.42568902684123
47.62568902684123
47.82568902684123
48.025689026841235
48.22568902684123
48.42568902684123
48.62568902684123
48.82568902684123
49.025689026841235
49.22568902684123
49.42568902684123
49.62568902684123
49.82568902684123
50.025689026841235
50.22568902684123
50.42568902684123
50.62568902684123
50.82568902684123
51.025689026841235
51.22568902684124
51.42568902684124
51.625689026841236
51.82568902684124
52.025689026841235
52.22568902684124
52.42568902684124
52.625689026841236
52.82568902684124
53.025689026841235
53.22568902684124
53.42568902684124
53.625689026841236
53.82568902684124
54.025689026841235
54.22568902684124
54.42568902684124
54.625689026841236
54.82568902684124
55.025689026841235
55.22568902684124
55.42568902684124
55.625689026841236
55.82568902684124
56.025689026841235
56.22568902684124
56.42568902684124
56.625689026841236
56.82568902684124
57.025689026841235
57.22568902684124
57.42568902684124
57.625689026841236
57.82568902684124
58.025689026841235
58.22568902684124
58.42568902684124
58.625689026841236
58.82568902684124
59.025689026841235
59.22568902684124
59.42568902684124
59.625689026841236
59.82568902684124
60.025689026841235
60.22568902684124
60.42568902684124
60.625689026841236
60.82568902684124
61.025689026841235
61.22568902684124
61.42568902684124
61.625689026841236
61.82568902684124
62.025689026841235
62.22568902684124
62.42568902684124
62.625689026841236
62.82568902684124
63.025689026841235
63.22568902684124
63.42568902684124
63.625689026841236
63.82568902684124
64.02568902684123
64.22568902684124
64.42568902684124
64.62568902684124
64.82568902684123
65.02568902684123
65.22568902684124
65.42568902684124
65.62568902684124
65.82568902684123
66.02568902684123
66.22568902684124
66.42568902684124
66.62568902684124
66.82568902684123
67.02568902684123
67.22568902684124
67.42568902684124
67.62568902684124
67.82568902684123
68.02568902684123
68.22568902684124
68.42568902684124
68.62568902684124
68.82568902684123
69.02568902684123
69.22568902684124
69.42568902684124
69.62568902684124
69.82568902684123
70.02568902684123
70.22568902684124
70.42568902684124
70.62568902684124
70.82568902684123
71.02568902684123
71.22568902684124
71.42568902684124
71.62568902684124
71.82568902684123
72.02568902684123
72.22568902684124
72.42568902684124
72.62568902684124
72.82568902684123
73.02568902684123
73.22568902684124
73.42568902684124
73.62568902684124
73.82568902684123
74.02568902684123
74.22568902684124
74.42568902684124
74.62568902684124
74.82568902684123
75.02568902684123
75.22568902684124
75.42568902684124
75.62568902684124
75.82568902684123
76.02568902684123
76.22568902684124
76.42568902684124
76.62568902684124
76.82568902684125
77.02568902684123
77.22568902684124
77.42568902684124
77.62568902684124
77.82568902684125
78.02568902684123
78.22568902684124
78.42568902684124
78.62568902684124
78.82568902684125
79.02568902684123
79.22568902684124
79.42568902684124
79.62568902684124
79.82568902684125