0.
0.2
0.4
0.6000000000000001
0.8
1.
1.2000000000000002
1.4000000000000001
1.6
1.8
2.
2.2
2.4000000000000004
2.6
2.8000000000000003
3.
3.2
3.4000000000000004
3.6
3.8000000000000003
4.
4.2
4.4
4.6000000000000005
4.800000000000001
5.
5.2
5.4
5.6000000000000005
5.800000000000001
6.
6.2
6.4
6.6000000000000005
6.800000000000001
7.
7.2
7.4
7.6000000000000005
7.800000000000001
8.
8.200000000000001
8.4
8.6
8.8
9.
9.200000000000001
9.4
9.600000000000001
9.8
10.
10.200000000000001
10.4
10.600000000000001
10.8
11.
11.200000000000001
11.4
11.600000000000001
11.8
12.
12.200000000000001
12.4
12.600000000000001
12.8
13.
13.200000000000001
13.4
13.600000000000001
13.8
14.
14.200000000000001
14.4
14.600000000000001
14.8
15.
15.200000000000001
15.4
15.600000000000001
15.8
16.
16.2
16.400000000000002
16.6
16.8
17.
17.2
17.400000000000002
17.6
17.8
18.
18.2
18.400000000000002
18.6
18.8
19.
19.200000000000003
19.400000000000002
19.6
19.8
20.
20.200000000000003
20.400000000000002
20.6
20.8
21.
21.200000000000003
21.400000000000002
21.6
21.8
22.
22.200000000000003
22.400000000000002
22.6
22.8
23.
23.200000000000003
23.400000000000002
23.6
23.8
24.
24.200000000000003
24.400000000000002
24.6
24.8
25.
25.200000000000003
25.400000000000002
25.6
25.8
26.
26.200000000000003
26.400000000000002
26.6
26.8
27.
27.200000000000003
27.400000000000002
27.6
27.8
28.
28.200000000000003
28.400000000000002
28.6
28.8
29.
29.200000000000003
29.400000000000002
29.6
29.8
30.
30.200000000000003
30.400000000000002
30.6
30.8
31.
31.200000000000003
31.400000000000002
31.6
31.8
32.
32.2
32.4
32.6
32.800000000000004
33.
33.2
33.4
33.6
33.800000000000004
34.
34.2
34.4
34.6
34.800000000000004
35.
35.2
35.4
35.6
35.800000000000004
36.
36.2
36.4
36.6
36.800000000000004
37.
37.2
37.4
37.6
37.800000000000004
38.
38.2
38.400000000000006
38.6
38.800000000000004
39.
39.2
39.400000000000006
39.6
39.800000000000004
40.
40.2
40.400000000000006
40.6
40.800000000000004
41.
41.2
41.400000000000006
41.6
41.800000000000004
42.
42.2
42.400000000000006
42.6
42.800000000000004
43.
43.2
43.400000000000006
43.6
43.800000000000004
44.
44.2
44.400000000000006
44.6
44.800000000000004
45.
45.2
45.400000000000006
45.6
45.800000000000004
46.
46.2
46.400000000000006
46.6
46.800000000000004
47.
47.2
47.400000000000006
47.6
47.800000000000004
48.
48.2
48.400000000000006
48.6
48.800000000000004
49.
49.2
49.400000000000006
49.6
49.800000000000004
50.
50.2
50.400000000000006
50.6
50.800000000000004
51.
51.2
51.400000000000006
51.6
51.800000000000004
52.
52.2
52.400000000000006
52.6
52.800000000000004
53.
53.2
53.400000000000006
53.6
53.800000000000004
54.
54.2
54.400000000000006
54.6
54.800000000000004
55.
55.2
55.400000000000006
55.6
55.800000000000004
56.
56.2
56.400000000000006
56.6
56.800000000000004
57.
57.2
57.400000000000006
57.6
57.800000000000004
58.
58.2
58.400000000000006
58.6
58.800000000000004
59.
59.2
59.400000000000006
59.6
59.800000000000004
60.
60.2
60.400000000000006
60.6
60.800000000000004
61.
61.2
61.400000000000006
61.6
61.800000000000004
62.
62.2
62.400000000000006
62.6
62.800000000000004
63.
63.2
63.400000000000006
63.6
63.800000000000004
64.
64.2
64.4
64.60000000000001
64.8
65.
65.2
65.4
65.60000000000001
65.8
66.
66.2
66.4
66.60000000000001
66.8
67.
67.2
67.4
67.60000000000001
67.8
68.
68.2
68.4
68.60000000000001
68.8
69.
69.2
69.4
69.60000000000001
69.8
70.
70.2
70.4
70.60000000000001
70.8
71.
71.2
71.4
71.60000000000001
71.8
72.
72.2
72.4
72.60000000000001
72.8
73.
73.2
73.4
73.60000000000001
73.8
74.
74.2
74.4
74.60000000000001
74.8
75.
75.2
75.4
75.60000000000001
75.8
76.
76.2
76.4
76.60000000000001
76.80000000000001
77.
77.2
77.4
77.60000000000001
77.80000000000001
78.
78.2
78.4
78.60000000000001
78.80000000000001
79.
79.2
79.4
79.60000000000001
79.80000000000001
80.